2239 4474
2336 4386
1837 3579
1479 3037
1305 2802
1723 3450
2194 4392
1953 3844
1729 3615
2018 3878
1799 3452
1669 3346
1754 3345
1913 3626
1829 3481
1388 2858
1514 2940
2155 4035
1519 3055
2590 4601
2689 4807
1973 3770
2655 4674
2140 4153
1945 3845
1827 3650
1547 3116
1952 3541
1829 3371
1867 3371
3019 4927
2474 4149
2508 4265
1825 3407
1904 3406
1746 3593
1453 2989
2934 5020
2905 5173
1997 3800
1888 3514
1798 3369
2868 5114
2194 4078
2185 4168
1762 3597
1868 3671
2388 4304
1998 3798
1748 3275
