5 3 1 2 2 5 4 5 4 4 3 5 1 3 4 3 3 1 1 4 3 2 2 3 5 1 2 4 4 3 4 5 5 1 3 5 3 2 1 4 1 4 2 1 1 5 4 2 1 2 3 1 1 1 2 1 4 5 3 4 2 1 1 1 5 1 4 1 5 1 2 1 3 2 3 2 5 1 4 4 5 5 4 4 4 3 1 5 3 5 2 2 4 2 1 5 1 2 1 3 5 1 3 3 5 2 1 2 4 5 3 1 2 3 1 1 1 3 2 3 4 5 2 4 3 5 2 3 2 4 5 2 1 1 1 1 4 5 5 5 5 2 2 4 2 1 4 5 5 1 5 3 4 1 4 4 1 4 2 2 4 4 4 1 4 3 1 1 3 4 1 5 2 5 5 2 5 3 1 4 1 4 1 5 1 4 2 3 1 5 2 3 5 5 1 4 5 4 2 1 2 5 5 1 1 2 1 4 2 4 5 2 3 1 1 1 3 2 2 1 3 5 3 2 1 1 5 4 4 4 4 5 2 4 4 1 5 4 2 2 1 4 4 4 4 5 5 5 2 2 3 3 6 4 2 4 2 6 3 5 8 5 5 2 8 4 6 8 2 8 5 6 5 3 8 7 5 5 8 7 4 6 7 5 6 8 3 7 5 6 2 5 2 7 2 4 8 7 8 4 7 2 2 4 7 3 6 5 5 6 8 4 8 6 8 5 4 8 6 4 8 6 6 2 6 6 3 4 5 6 4 4 7 6 3 2 5 5 7 5 6 2 6 7 7 4 5 5 4 6 4 6 3 7 3 8 8 8 4 8 7 2 6 3 2 2 8 6 4 2 2 7 8 2 4 5 2 5 4 8 2 3 5 5 8 8 8 7 6 7 3 5 2 6 3 6 3 5 7 7 7 8 6 4 4 5 2 5 2 4 5 3 4 6 6 2 7 5 2 4 5 2 5 7 7 7 5 8 7 3 5 3 7 8 3 6 3 5 7 7 5 5 6 5 8 3 2 2 5 6 5 8 7 8 5 5 5 5 6 4 7 4 6 4 3 3 5 3 6 2 5 4 8 2 4 8 4 3 5 8 4 7 8 5 3 6 6 8 8 5 4 4 6 3 6 2 6 6 2 8 2 6 2 7 2 4 5 2 5 2 5 7 6 2 5 5 4 4 2 5 2 7 3 8 7 8 8 3 6 5 5 3 8 2 3 3 2 3 4 5 2 7 2 8 5 2 8 2 4 7 4 8 7 2 3 4 4 8 5 6 5 7 3 4 3 8 4 8 7 7 4 7 2 2 8 8 7 2 5 5 3 8 2 4 4 3 7 8 7 7 8 2 2 6 4 3 8 2 2 6 7 4 7 6 8 8 6 5 7 4 2 7 4 5 4 7 3 2 5 5 4 6 2 3 8 4 4 2 8 8 8 4 4 8 2 3 7 8 6 7 7 5 8 6 8 2 4 3 7 7 8 8 2 8 8 4 3 8 3 8 5 8 3 2 2 7 8 8 4 6 6 5 4 6 5 3 6 6 5 2 8 3 2 8 5 3 5 4 5 7 2 6 4 3 4 5 7 3 6 4 2 5 6 2 2 2 7 3 2 8 7 6 3 4 3 5 2 8 5 6 7 2 8 7 5 3 3 5 5 5 8 7 8 6 4 5 2 5 3 4 3 2 6 6 7 4 7 8 6 5 7 7 9 9 6 5 10 10 8 9 8 5 10 5 5 9 7 6 6 6 6 9 5 6 9 8 8 9 6 6 9 8 6 10 5 10 8 10 7 8 10 5 9 8 8 9 7 8 7 6 9 6 8 6 7 9 6 6 6 9 5 5 7 8 6 9 5 8 10 5 10 8 9 10 7 7 5 9 8 8 6 8 5 6 8 7 9 9 9 8 5 7 7 10 9 5 10 9 5 8 8 7 7 9 7 9 7 6 9 10 8 8 10 7 8 7 7 9 5 7 8 10 8 6 7 10 10 10 7 7 9 9 9 9 6 5 10 8 6 5 6 9 7 10 5 9 7 9 5 10 6 5 7 7 9 8 5 7 7 7 5 6 7 5 6 8 8 10 7 6 9 8 5 9 6 7 10 9 9 9 6 7 9 5 7 10 9 8 5 10 8 10 8 10 5 5 9 5 6 10 6 9 6 6 5 9 8 9 8 9 8 10 7 5 10 9 9 8 8 8 9 5 6 5 8 5 5 8 10 8 9 5 5 8 10 5 10 10 5 7 10 6 7 9 10 5 8 7 5 10 5 7 6 10 6 8 8 10 9 7 9 10 9 6 5 5 8 6 6 9 9 7 9 5 9 7 8 10 7 10 5 6 9 9 7 6 8 8 10 5 9 5 7 7 7 5 6 7 6 10 8 5 10 6 6 6 6 10 8 9 6 8 10 9 10 9 8 8 6 7 10 7 9 8 9 9 6 9 7 5 9 7 10 6 9 8 8 8 6 5 7 7 6 6 8 5 9 8 9 9 7 5 5 9 5 7 7 9 10 6 5 7 7 5 8 7 8 10 10 7 10 8 7 6 9 8 5 10 9 5 8 8 10 7 6 10 7 6 5 6 10 9 9 10 5 6 6 7 7 6 7 6 8 10 8 5 6 9 5 7 6 7 6 9 8 9 7 5 5 5 5 9 10 6 9 8 5 6 5 9 9 6 7 7 10 5 8 5 8 5 5 7 9 8 7 8 8 6 6 5 8 6 8 9 7 9 5 10 10 6 10 8 9 10 6 9 8 10 5 9 10 6 6 5 5 9 9 7 8 7 10 7 5 7 6 6 8 9 9 6 7 6 7 7 9 8 9 7 9 8 7 6 8 9 6 8 10 8 5 5 10 6 7 5 6 6 5 7 5 9 9 7 6 8 6 9 7 9 10 10 8 7 8 5 8 6 5 8 7 9 7 7 9 8 7 6 5 9 6 5 8 5 5 8 10 6 9 6 6 9 5 9 7 10 5 7 9 10 7 9 8 10 8 10 6 7 10 9 10 6 5 7 10 10 5 10 8 10 9 9 10 5 5 6 8 5 9 5 8 5 7 5 10 5 10 9 10 8 7 9 6 6 5 8 9 6 10 8 9 10 8 5 9 7 8 8 7 6 8 8 9 8 9 5 8 10 7 10 7 9 9 9 9 7 6 7 9 7 5 7 7 8 6 5 7 8 5 7 8 8 10 10 9 5 7 6 10 9 10 7 5 10 8 6 9 10 10 9 10 9 6 6 8 8 8 10 7 8 8 5 9 7 8 10 5 10 6 5 9 10 7 9 10 7 10 5 5 8 10 5 9 6 5 5 9 8 7 9 8 7 9 5 6 5 6 7 7 9 5 5 5 7 7 6 10 8 5 6 8 5 8 10 7 6 9 5 5 9 5 7
500
29 4 757 1088 849 1169
23 3 639 68 284
22 1 1109
34 2 1036 492
37 5 1222 185 1240 982 1401
31 2 965 1234
30 1 542
38 4 368 950 453 531
32 4 1468 1105 786 657
29 2 406 324
35 5 1035 936 1169 501 1032
36 1 685
33 3 1296 804 251
30 2 483 890
34 2 533 524
22 5 1355 668 948 1151 519
25 2 491 1057
39 4 85 1201 1315 425
29 3 885 988 1490
35 2 1451 516
26 4 1330 1065 758 757
28 4 817 789 358 1325
38 3 932 472 396
31 1 679
29 2 1397 822
27 3 328 295 585
29 2 1383 1295
27 1 1433
26 3 945 323 1455
25 5 506 483 1326 837 399
24 4 598 691 1449 847
36 1 97
25 1 234
30 3 1288 123 576
31 3 1354 1202 1341
23 5 349 1356 1360 1345 744
25 1 618
31 1 447
31 3 287 957 1205
31 5 23 773 733 1100 1171
25 1 265
27 5 235 1461 935 1041 1391
36 2 932 922
31 3 876 719 175
38 5 1385 795 1209 845 294
31 3 394 1438 903
24 5 807 1332 258 991 100
35 5 749 1232 1426 1067 923
28 1 1100
28 5 661 1413 812 1369 302
25 5 630 261 1057 255 834
30 5 762 1233 1065 934 1407
16 3 1127 1069 643
31 5 1321 1154 161 874 473
29 1 1170
30 3 343 1400 1173
28 1 237
34 5 265 490 823 1302 105
34 5 978 1274 789 1156 1067
32 5 758 161 1008 1107 1373
32 2 1432 1399
27 3 1071 523 1158
35 4 1081 539 751 91
28 2 971 342
26 4 818 314 10 1319
33 4 253 227 140 865
28 4 1095 654 753 1042
35 4 848 855 1394 1448
34 1 502
27 2 978 705
35 5 1144 975 1108 760 669
23 1 759
31 4 1068 447 509 1495
25 3 669 1454 589
31 2 726 1183
26 3 1093 435 918
34 4 1167 192 991 1217
29 4 1238 562 1053 1286
27 5 630 723 363 654 511
28 4 682 1208 1345 765
27 1 130
31 3 745 979 1077
26 5 255 237 1108 82 863
26 2 753 314
27 3 494 94 667
30 2 1047 1083
34 2 1472 869
28 5 1472 415 1477 1166 1345
22 5 141 706 1212 1149 1052
28 1 103
33 2 1079 1007
30 5 488 676 1115 1417 1075
30 1 1435
31 2 1412 353
24 2 984 223
31 3 448 1405 176
33 4 1230 1256 606 1070
38 3 1279 773 1347
29 2 1340 1286
32 5 1418 1383 1212 383 810
38 3 1211 919 607
29 4 958 1107 862 1373
29 3 835 1220 1301
28 2 529 500
29 2 1184 725
31 2 380 878
26 4 261 235 1058 689
28 4 816 1210 280 528
25 4 475 146 831 1319
30 2 35 205
26 2 95 780
27 4 35 113 645 1215
33 2 609 444
35 3 703 6 579
26 4 1124 722 1155 656
33 4 283 461 284 577
28 2 564 587
32 5 1266 974 1120 1254 595
25 4 668 1013 1007 284
24 1 990
33 3 981 1042 1349
27 1 517
26 2 1382 1139
33 1 1215
32 3 456 512 800
34 5 1360 538 1199 681 1286
31 1 336
43 2 486 1381
26 2 368 1020
32 2 768 338
23 2 31 1303
25 1 312
15 5 1050 467 864 1039 903
32 3 722 785 448
27 2 717 1362
36 4 1219 211 585 1483
29 5 1427 641 237 330 497
23 1 378
23 2 831 959
33 1 1389
36 1 1366
21 4 497 885 794 929
40 2 1214 402
28 3 76 966 651
25 1 322
28 2 610 1269
32 1 431
24 2 38 422
33 4 955 1318 124 1284
29 2 1286 1277
26 5 483 409 545 89 1227
36 1 831
32 2 737 1023
22 2 810 1103
28 3 1099 654 1109
24 1 1148
35 5 810 54 758 1429 622
31 4 718 923 879 600
33 3 1319 1322 438
35 4 331 43 365 821
24 2 832 609
30 4 1111 1468 794 734
31 4 1193 1219 970 295
22 2 791 661
24 2 179 614
28 4 1447 1266 1010 1119
26 5 892 47 1297 799 760
26 2 1019 1037
43 4 714 856 729 748
27 3 218 303 984
29 2 964 224
22 1 692
22 1 41
20 5 840 1337 94 332 1058
30 1 993
27 2 107 879
33 2 1191 525
31 1 1249
37 3 172 1281 600
30 3 1199 506 437
28 3 974 1181 884
25 1 1399
21 5 790 981 201 838 1422
35 1 1467
36 1 1386
30 5 1359 734 1483 1264 1007
35 1 832
27 1 997
38 1 643
13 3 1186 545 1411
30 4 1321 1391 885 790
34 5 873 1004 1303 415 1271
20 3 959 1082 851
28 1 1368
28 2 756 1007
33 2 315 226
24 2 1372 1309
33 2 899 712
27 2 1364 388
25 2 1094 441
29 1 902
33 4 408 1489 1351 1469
35 3 255 572 1238
28 4 1492 1230 314 1197
25 3 1353 1298 1002
27 4 1259 725 425 1459
25 1 665
30 1 829
31 2 1273 819
33 1 316
40 1 1196
32 5 1021 604 1145 986 540
23 2 1291 697
36 1 1088
34 5 666 1441 1345 1205 750
26 2 263 1369
26 5 1341 1411 807 1268 765
27 2 747 919
27 2 919 753
21 5 1079 957 881 666 997
29 2 1190 1067
25 5 261 132 776 488 1019
24 3 1144 924 708
32 1 756
16 3 323 990 1300
20 3 819 771 803
32 4 588 973 966 1130
29 3 784 740 1370
36 5 374 835 1055 772 1305
35 2 500 815
29 5 258 750 526 657 946
26 5 148 558 981 158 1173
27 3 800 11 334
29 3 1463 178 884
27 2 1384 1228
26 1 1117
32 5 558 585 597 273 307
31 1 922
25 1 529
27 1 928
24 3 941 2 997
35 3 1311 894 664
29 1 769
31 5 862 1140 480 1171 830
30 4 1327 1201 336 939
37 2 961 1243
30 2 1500 1002
33 5 557 1412 1475 443 466
31 4 836 403 802 589
23 2 885 1269
23 3 1034 361 1487
28 2 696 427
26 3 528 1214 678
24 1 797
32 5 937 493 801 1248 251
31 3 766 1087 135
36 5 741 586 806 1448 540
31 5 1098 1096 1447 1421 992
32 5 1159 1349 1266 798 1210
35 5 1258 290 976 713 884
29 3 463 1458 1429
26 3 125 1133 1360
36 1 1365
27 2 381 553
35 4 1443 684 940 987
24 3 422 1200 609
27 5 943 1070 1238 418 320
36 5 732 62 721 1135 1033
27 4 727 608 832 931
31 2 1237 1452
25 2 437 953
30 1 1425
29 3 1339 800 953
38 3 1210 841 712
26 1 943
29 4 1368 581 1439 913
30 4 931 765 1043 1181
32 2 659 964
23 1 761
28 3 1387 325 1486
19 3 1041 910 285
24 4 282 901 1074 545
31 5 472 1012 1255 1254 829
27 2 369 930
37 2 1247 1051
43 5 433 986 1075 1261 1478
30 3 925 1366 451
24 3 632 565 741
25 2 1064 256
31 2 1192 89
30 4 56 888 908 783
30 4 650 626 1267 120
33 3 805 336 1083
37 3 1123 581 1297
35 4 226 1112 885 398
34 3 1125 1178 584
34 5 365 1157 1197 349 1021
19 5 521 896 1233 1164 1342
22 5 1326 334 1098 319 218
29 5 158 1345 1471 436 899
35 1 1474
26 4 78 1192 974 1169
35 4 760 1222 1165 219
28 4 1028 1034 709 822
20 1 626
34 3 1094 857 1305
29 2 415 1049
25 5 350 1408 1416 1355 601
31 1 331
28 1 346
24 3 649 497 644
36 3 64 608 845
35 3 485 1018 821
30 3 1101 150 792
27 4 816 658 583 51
27 1 1231
31 1 1043
36 4 777 1091 669 171
31 3 1139 981 1159
25 1 223
37 1 510
36 3 853 1155 926
28 3 1251 1049 800
36 5 255 23 1418 1264 1313
30 4 1145 802 347 1188
25 5 358 174 716 1140 1208
30 3 897 441 1495
26 5 1463 749 392 441 1177
35 5 397 1234 926 900 1466
26 3 1440 188 877
27 3 223 1294 856
38 2 1293 1098
33 5 364 643 1186 398 1077
24 1 956
38 2 1313 1213
28 4 1063 626 1196 1364
28 1 1257
32 2 1414 1147
33 2 1137 975
27 4 412 739 640 767
27 4 983 439 829 813
30 5 785 1278 1053 1182 465
27 2 1253 837
32 3 679 1340 360
34 4 1410 1255 1324 360
37 4 295 856 1255 844
43 2 581 874
28 2 343 1377
26 4 1462 254 878 107
26 5 995 1264 596 873 1487
37 1 1217
34 1 544
24 4 969 617 1209 1270
27 2 1160 973
30 5 19 908 1007 1352 309
26 4 1295 1251 141 1492
37 4 1038 969 510 92
34 2 784 234
25 3 795 551 1483
21 5 270 982 1402 1287 1066
25 5 234 658 1188 1395 320
31 5 573 998 1004 1050 539
30 1 1346
19 5 385 794 207 1029 1021
33 4 1191 992 1238 534
30 1 1130
31 3 1334 1339 1371
30 4 183 611 295 915
27 5 383 1116 272 755 557
25 5 321 881 1188 1149 1395
37 1 1426
32 4 1130 1014 315 833
32 3 1081 596 650
32 3 1400 1230 570
24 1 1394
34 4 802 1397 396 967
39 2 1161 1483
42 2 1196 397
26 5 1464 1070 326 1030 440
27 4 1231 844 1460 1059
26 2 971 614
30 1 654
31 3 1457 141 1200
34 1 1480
34 2 327 1189
35 2 906 1359
23 4 1239 1180 158 150
32 4 1484 603 337 61
31 3 923 917 317
30 1 662
31 4 1001 1400 354 1464
30 3 1124 976 961
35 1 584
18 3 713 982 1116
31 3 1166 1162 71
34 3 937 736 888
26 4 1051 739 553 1028
36 2 376 1337
19 4 1331 1135 813 1188
20 4 581 229 1196 1158
25 3 975 1205 1034
41 4 1240 845 393 487
40 1 905
34 2 141 1359
26 1 1206
31 2 572 827
30 4 236 1167 1069 1100
30 2 1337 345
31 4 1241 1207 705 1361
27 1 500
31 2 1114 648
21 5 623 1274 12 1121 968
28 2 1127 735
25 5 604 617 580 719 1480
32 3 173 450 267
28 2 1393 929
27 2 1221 1342
33 2 190 1320
28 3 850 1004 514
39 4 619 493 302 1076
29 2 1075 1108
25 3 320 943 808
36 2 364 110
31 3 1384 504 856
33 5 175 1175 730 1054 1469
20 4 282 109 705 1083
39 5 1441 803 1124 1110 1274
25 2 434 1384
29 3 183 575 396
22 2 1380 570
28 5 909 1241 1015 1297 660
28 4 321 975 1151 1452
34 3 419 703 1143
25 5 1340 92 273 1472 1001
28 3 138 1159 1045
28 2 390 170
29 3 127 352 1058
33 4 747 257 278 1382
38 3 407 760 1303
29 2 1155 1120
33 1 92
29 1 689
25 2 705 971
35 4 648 1217 547 1354
37 1 615
24 2 1493 1362
31 4 1335 1042 912 686
36 1 781
24 3 1172 944 403
27 3 950 953 275
30 3 362 806 518
36 4 174 1385 543 1351
26 1 1139
27 5 810 209 155 846 875
33 3 1247 770 1166
21 5 469 1104 857 1175 1025
27 4 678 362 616 842
22 2 1429 1408
37 5 1108 1395 916 989 1321
39 3 1125 1001 27
26 2 318 788
30 2 1142 1061
23 3 1222 1223 1396
30 3 709 99 1438
22 2 1241 318
31 2 965 1429
36 3 1357 123 312
37 3 1444 702 1322
44 3 1477 379 1175
33 4 356 738 1435 38
30 5 800 814 1371 429 1382
31 3 1317 502 524
27 5 954 1184 1157 605 1159
24 1 575
27 5 1315 1200 974 873 1270
34 1 1094
32 3 775 683 7
25 5 692 1449 89 1028 1024
24 3 991 526 737
26 4 284 885 1402 1157
32 1 856
19 4 1361 1163 1108 741
27 1 153
28 5 719 1361 595 714 687
28 1 122
30 1 1438
30 1 1328
41 1 1009
29 4 879 612 1176 22
37 4 851 275 323 1051
30 5 676 488 770 260 66
38 1 513
35 2 1033 1007
20 3 1278 1229 906
27 1 1151
32 3 674 699 153
25 4 970 844 23 26
30 2 109 933
30 3 688 638 705
23 2 763 758
