5040 8154
4633 7181
4474 7151
4519 6790
4576 7369
4987 7559
4665 7590
4627 7263
4798 7381
4587 7300
4653 7197
4819 7567
4707 7437
4667 7145
4390 7079
4613 7499
5026 7734
4460 7210
4215 6914
4914 7933
4717 7457
4528 7170
4700 7253
4543 7296
4386 7175
5046 8004
5041 7935
5005 7683
4561 7606
4509 7085
4841 7730
4867 7805
4720 7462
4519 7255
4904 7723
4637 7376
4811 7502
4435 7137
4980 7685
4540 7423
4947 7690
4342 7006
4559 7167
4700 7435
4821 7622
4604 7268
4740 7530
4823 7396
4624 7708
4656 7221
4490 7055
4875 7572
4829 7667
4436 6988
4348 7032
4363 6744
4674 7352
4544 7430
4937 7615
4338 6799
4617 7554
4878 7641
4636 7419
4728 7538
4457 7148
4881 7414
4701 7591
4573 7108
4496 6953
4448 7124
4721 7149
5158 7834
4612 7394
4809 7192
4768 7544
4321 6909
4323 7102
5248 8196
4806 7563
4768 7827
4930 7672
5032 7840
4821 7829
5027 7580
4542 7218
5231 7779
4536 7162
4315 7053
5142 8066
4716 7368
5051 7928
4832 7591
4865 7530
4598 7173
4548 7487
5193 8036
4860 7333
4990 7845
4888 7737
4554 7511
4273 6915
5323 8154
4612 7245
4322 7083
4744 7349
4545 7458
4570 7330
4710 7134
4558 7421
4484 6993
5075 7741
4738 7335
4667 7483
4726 7240
4883 7501
4571 7084
4506 7101
4863 7635
4458 6766
4520 7103
4912 7867
4677 7307
5248 8053
5080 7873
4579 7313
4926 7443
4725 7416
4776 7627
4784 7370
4414 7082
4969 7793
4667 7357
4727 7287
4729 7680
4374 7365
4733 7402
4680 7516
4484 7095
4371 6807
5047 8218
4215 6696
4925 7910
4297 7095
4539 7010
4504 7319
5397 8155
4908 7469
4432 6897
4542 7295
4832 7619
4447 6924
4890 7723
4667 7385
4663 7465
4794 7758
4427 7149
5014 7731
4518 7313
4483 7109
4609 7647
4690 7349
4460 7435
4877 7874
4767 7618
4897 7583
4759 7165
4833 7411
4646 7455
4386 7028
4878 7661
4472 7089
4793 7274
4366 7049
4777 7334
4921 7632
4553 7192
4426 7027
4303 6812
4498 7060
4651 7551
4487 7280
4484 7288
5045 7892
4854 7715
4806 7395
4304 6912
5310 7997
4573 7143
5001 7600
4927 7992
4700 7511
4968 7701
4497 7193
4791 7491
4966 7763
5086 7930
4456 6967
4278 6931
4450 7016
4271 6744
4512 7237
4363 7154
4773 7050
4666 7379
4725 7560
4262 6617
4279 6971
4456 7210
5321 8193
4999 7796
4622 7093
4656 7326
4985 7903
4368 7022
5092 8069
4353 7219
4862 7762
4374 7076
5220 8200
4954 7893
4929 7594
4742 7406
4774 7664
4513 7028
4336 6806
4770 7459
4715 7307
4949 7618
4725 7442
4354 7014
4755 7230
5254 8177
4725 7438
4363 6823
4859 7386
4567 7147
4260 6781
4511 7458
4984 7638
4561 7272
4510 7092
4500 7144
4628 7327
4552 6880
4576 7207
5029 7626
4533 7203
4354 7276
5015 7819
4644 7595
4968 7760
4480 7293
4673 7233
4529 7050
5036 7582
4442 6989
4524 6953
5338 8103
4878 7540
4625 7292
4826 7527
4769 7431
5013 7736
4622 7411
5021 7920
4603 7431
5429 8336
4837 7402
4320 6846
4493 7195
4118 6762
4756 7444
4687 7393
4691 7458
4841 7613
4580 7304
4875 7900
5021 7838
5053 7729
4492 7061
5000 7679
4666 7282
4351 7319
4935 7609
4666 7222
4689 7710
5055 7861
4798 7284
4532 7319
4561 7199
4459 7208
4899 7728
4966 7519
4669 7281
4817 7544
4734 7539
4855 7674
4369 7030
4966 7686
4667 7461
4821 7682
5134 7746
4465 7215
4627 7282
4816 7348
5058 7853
4770 7632
4888 7681
4966 7876
5110 7875
4923 7995
4856 7863
5127 8012
4540 7081
4787 7363
4427 6980
4920 7700
4878 7768
4887 7567
4946 7856
4860 7209
5019 8187
4542 7269
4993 7524
4512 6955
4811 7407
5007 7970
4258 6752
4470 6993
4361 6991
4846 7636
4987 7726
4403 6853
5222 8246
5054 7853
4962 7567
4616 7189
4353 7135
4566 6955
4628 7406
4715 7494
4407 7180
4487 7249
4821 7604
4299 7270
4667 7275
4489 7213
4795 7279
4192 6855
4852 7880
4613 7315
4402 7297
5024 7706
4240 6891
4796 7549
4206 6618
4878 7856
4710 7270
4564 7355
5040 7494
4543 7276
4282 6691
4457 7099
4852 7579
4537 7417
4469 7322
4783 7734
5071 7908
4670 7443
5141 8005
4825 7562
4610 7531
4846 7509
4649 7298
4843 7337
4546 7231
5098 7921
4561 7052
4911 7507
4900 7851
4191 6913
4573 7232
4433 7174
4808 7531
4514 7212
4652 7738
4984 7682
4249 6727
4619 7306
4824 7458
4816 7586
4799 7467
4826 7578
5037 7933
4507 6720
4588 7467
4289 7049
4927 7932
4766 7562
4804 7600
4479 7254
4705 7488
4370 7035
4711 7457
4818 7346
5120 7886
4527 7195
5077 8033
4685 7484
4336 7058
4867 7359
4739 7688
4541 7477
4617 7210
4688 7497
4649 7078
4624 7303
4545 7412
4825 7371
4748 7481
4612 7364
4815 7523
4791 7378
4537 7280
4343 7124
4941 7886
4652 7314
4619 7271
5039 7891
4774 7550
4866 7854
4518 7127
4440 7292
4784 7512
4760 7652
4876 7925
4952 7466
5028 7719
4800 7544
4935 7730
4777 7638
4721 7314
4640 7281
4505 7267
4723 7476
4784 7412
4900 7780
4373 7037
4303 6715
4527 7180
5046 7799
4416 6917
4691 7493
4990 7823
4779 7511
4425 7066
5099 7916
4709 7447
5193 8101
4712 7409
4726 7320
4497 6955
4884 8030
4234 6995
5107 7779
4609 7297
4554 7048
4446 7368
4843 7575
4355 6873
4718 7542
4525 7121
4419 7207
4760 7669
4476 6846
4552 7479
4574 7313
4464 7228
4633 7470
4713 7331
4735 7301
4732 7556
4514 7041
4371 6897
4398 7157
4548 7358
4980 7875
4594 7194
4772 7256
4910 7475
4908 7546
4695 7550
4344 6991
4751 7575
4673 7434
4869 7460
4642 7246
4661 7509
4498 6955
4274 6978
4884 7324
4737 7342
4873 7167
4550 7103
4888 7898
5012 7699
4868 7755
4658 7338
4725 7390
5037 7799
4713 7567
4579 7177
4692 7353
4753 7614
4828 7498
4751 7533
4461 6963
4835 7910
4875 7498
4344 6806
4340 7016
4830 7420
4622 7236
4456 6986
4856 8015
4384 7192
4561 7342
5007 8186
4439 7140
5125 8214
4686 7437
4655 7305
4805 7441
4739 7174
4944 7806
4642 7048
4799 7263
4670 7389
4152 6817
4891 7899
4893 7814
4370 6836
4670 7300
4307 6916
4901 7358
4730 7699
4675 7505
4613 7215
4917 7609
4516 7139
4843 7564
4579 7115
4638 7226
4739 7751
4739 7599
4553 7142
4944 7844
4833 7707
4844 7539
4236 6863
4739 7519
4740 7228
4531 7348
5011 7787
4918 7547
4557 6884
4582 7357
4608 7293
4436 6930
4594 6931
4784 7600
4563 6984
4756 7593
4580 7397
4911 7525
4493 6882
4371 6836
4767 7389
4744 7397
4975 7445
4879 7596
4711 7237
4771 7805
5068 7949
4284 7135
4742 7230
4652 7356
4681 7202
4196 6840
4581 7246
4459 7127
4423 7083
4472 7103
4681 7491
4869 7686
4611 7313
4416 7333
4530 7330
4912 7225
4460 6978
4895 7779
4283 6628
4925 7516
4768 7502
4497 6969
4755 7238
4771 7602
5117 7814
4739 7665
4655 7619
5148 7709
4576 7082
4737 7576
4221 6557
4452 7104
4583 7424
4734 7611
4334 6967
4932 7874
4353 7300
4962 7678
4557 7294
4439 7098
4871 7446
4995 7906
4613 7199
4684 7612
4716 7582
4672 7437
4277 6805
4669 7063
4578 7494
4400 7088
4730 7229
4695 7671
4498 7334
4712 7471
4980 8086
4799 7816
4575 7237
4468 7412
4385 7362
4621 7602
4573 7271
4762 7569
4688 7577
4313 7037
4604 7220
4989 7633
4158 6773
5091 8149
4660 7137
4963 7783
4701 7409
4363 7033
4503 6709
4611 7227
4653 7583
5214 7929
4780 7405
5023 7608
4637 7281
4477 7411
4559 7316
4903 7909
4258 6924
4762 7455
4571 7032
5003 7723
4574 7049
4524 7167
4952 7736
4472 7525
4604 7360
4741 7335
4572 7230
4796 7668
4459 6971
4860 7585
4713 7566
4899 7460
4293 6823
4935 7698
4175 6882
4795 7699
4666 7435
4590 7045
5266 8007
4593 7188
4649 7136
4358 6835
4832 7760
4223 6731
4858 7680
5240 8263
5100 8018
4836 7584
4882 7690
4721 7367
4651 7345
4958 7646
4813 7749
5013 7704
4397 6891
4630 7428
4097 6216
5102 8093
4974 7762
4495 7235
4651 7534
4645 7406
4708 7137
4754 7551
4646 7239
4393 6756
4449 6987
4919 7868
5126 8122
4792 7553
4519 7176
4652 7386
4816 7547
4436 7205
4471 7001
4976 8065
4596 7287
4772 7612
4865 7442
4418 7071
4715 7414
5253 8138
4757 7401
4788 7617
5066 7822
4638 7532
4699 7258
4669 7241
4795 7474
5139 8079
4992 7838
4565 7381
4734 7527
4558 7268
5310 8169
4751 7489
4690 7399
4627 7500
4941 7688
4643 7514
4471 6902
4488 7156
4629 7245
4624 7103
4556 7456
4303 6684
4913 8040
4789 7489
4735 7466
4467 7074
5159 8131
4814 7677
4572 7238
4376 7283
4607 7307
4725 7416
4871 7508
4680 7441
4813 7403
4549 7035
4729 7407
4874 7648
4653 7332
5076 7984
4666 7397
5147 7999
5074 7941
5097 7985
4623 7162
4768 7486
5139 7680
4401 7181
4674 7461
4450 6922
4980 8011
4846 7429
4847 7666
4617 7317
4321 6813
4601 7428
4582 7312
4648 7032
4947 7499
4369 7211
4638 7392
4697 7571
4492 6652
5113 8019
4547 7272
4676 7060
4537 7086
4729 7241
4656 7173
4650 7360
4431 6698
4664 7288
4800 7483
5071 7963
4764 7448
4665 7428
4645 7634
5239 8013
4685 7608
4682 7354
4258 6606
4912 7886
4753 7499
4697 7532
5056 8025
4765 7682
4837 7904
4532 7143
4886 7797
4788 7580
4839 7593
4829 7487
4415 6662
4412 7193
4532 7096
4746 7486
4873 7431
4356 6825
4963 7396
4706 7481
4564 7284
4472 7078
5265 8138
4489 7220
4578 7356
4652 7335
4835 7737
4686 7283
4226 6783
5102 7811
4866 7598
4498 6948
4699 7394
4988 8006
4600 7553
5013 7796
4804 7198
4818 7850
4497 7436
4808 7888
5412 8281
4677 7407
4481 6885
5103 7961
5139 7670
4388 7021
4966 7948
4787 7470
4370 7478
4921 7663
4732 7552
4620 7298
4838 7390
4466 7114
4819 7518
4919 7951
4470 7363
4744 7509
4280 6514
4746 7833
4617 7225
4944 7545
5044 7906
4659 7532
5218 7762
4241 6975
4374 6923
4650 7221
4702 7523
4468 6976
4667 7142
4722 7463
4615 7056
4673 7287
4471 6978
4694 7282
4741 7222
4735 7434
4802 7390
4575 7132
4865 7604
4669 7559
4973 7617
4438 6774
4782 7632
4821 7330
4289 6761
4545 7311
4217 7069
4309 6933
4433 7341
4163 6481
5104 7852
4497 7038
4609 7191
4512 7295
4413 6778
4758 7435
5219 8079
4766 7704
4575 7294
4872 7518
4746 7482
4695 7433
4634 7145
3820 6386
5245 7952
4220 7159
4874 7646
4824 7888
4625 7297
4677 7432
5124 7576
4486 7062
4486 7066
4794 7616
4881 7628
4978 7911
4209 6889
4501 6968
4691 7441
5059 8030
4461 7306
4750 7786
5232 8515
4482 7127
5027 8036
4931 7522
4162 6832
4590 7115
4377 6887
4660 7386
4422 7053
4763 7348
4148 6674
4410 6924
4910 7655
4484 7061
4498 7102
5102 8022
4933 7527
4321 6698
4378 7157
4709 7274
4610 7579
4881 7576
4291 6916
4933 7896
4895 7424
4923 7712
4764 7576
4756 7991
4833 7677
4520 7117
4362 6875
4954 7668
5211 8395
5109 8128
4735 7643
4951 7599
4742 7456
4789 7420
4575 7187
4559 7104
4432 7166
4572 7245
4471 7207
4563 7521
4785 7504
4460 6889
5017 7606
4690 7220
4559 7118
4725 7640
4762 7630
4792 7791
4608 7175
4701 7514
4308 6951
4857 7662
4569 7217
4692 7521
4863 7580
4835 7402
4909 7571
4757 7532
4846 7407
4607 7296
4569 7225
4737 7506
4422 7024
4606 7219
4826 7682
4469 7532
4612 7530
4769 7508
4776 7445
4696 7315
4275 7013
4873 7472
4331 7162
5188 7877
4793 7482
4582 7635
4484 7283
4674 7260
4596 7343
4455 7151
4447 6974
4552 7179
4695 7256
4640 7312
4384 7090
5043 7821
4241 6901
4722 7081
4779 7490
4331 6709
4375 7074
4662 7346
4787 7501
4813 7799
4737 7322
4993 7634
4258 6752
4932 7616
4842 7607
4768 7744
4744 7391
4774 7495
4772 7630
4622 7552
5016 7840
4623 7490
4649 7104
4409 6896
4569 7033
4436 7193
4738 7409
4432 7091
4818 7728
4796 7375
5064 7707
4713 7252
4846 7480
4661 7296
4636 7407
4412 6949
4423 7187
4409 7275
4813 7498
4520 7195
4776 7314
4917 7422
4787 7550
5030 7763
4774 7697
4744 7407
4844 7707
4506 7018
4942 7229
4566 7053
4624 7357
4669 7284
5117 7651
4932 7469
4477 6988
4726 7377
4261 6853
4927 7806
4560 7163
4803 7620
4980 7814
4708 7470
4594 7257
4430 7137
4897 7352
4972 8071
4254 6599
4692 7523
4630 7255
4816 7422
4751 7242
4611 7421
4813 7415
4646 7631
4731 7777
4927 7668
4327 7090
4668 7383
4736 7364
4769 7480
4225 6792
4833 7465
4449 6832
4767 7418
4358 6952
5142 8032
4757 7480
4774 7205
4434 6869
4658 7534
4654 7246
4756 7536
4753 7329
4735 7493
4729 7502
4509 7504
4727 7603
4609 7146
4758 7369
4573 7014
4834 7572
4587 7441
4919 7629
4717 7352
4830 7468
4514 7576
4311 6781
4572 7114
4678 7512
4464 7007
5025 7610
4759 7725
4801 7667
4551 7227
4808 7478
4845 7543
4364 6774
4619 7223
4774 7614
4692 6969
4722 7413
4649 7189
4586 7389
4246 6885
5011 7745
4539 7166
4421 6974
4890 7677
4989 7969
4661 7348
4426 6989
4193 6916
4737 7278
4748 7616
4866 7563
4833 7513
4367 7130
4473 7044
4644 7412
4622 7528
4670 7373
4822 7377
4054 6494
4355 6796
4617 7436
4313 7182
4888 7544
4734 7574
4233 6814
4777 7506
5074 7841
4583 7019
4713 7527
4759 7430
4514 6996
4610 7351
5012 7796
5077 7722
4726 7829
4599 7184
4774 7459
5257 7911
5003 7577
4466 7198
4650 7444
4448 7181
5225 8252
4777 7087
4497 7246
4552 7170
4708 7434
4680 7308
4409 7052
4892 7584
4432 7192
4696 7465
4311 7055
4737 7330
4726 7530
4872 7675
4497 7378
4671 7264
4821 7293
4906 7353
4739 7388
4369 7282
4596 7289
4415 7200
4578 7395
4645 7497
4792 7613
4768 7330
4615 7260
4464 7219
5047 7824
4634 7277
4413 6911
4696 7367
4940 7662
4377 6813
4960 7675
4571 7265
4529 7332
4532 7018
4719 7321
4561 7391
4531 7189
4959 7830
4263 6782
4454 7052
4929 7666
4855 7708
4790 7265
4083 6464
5182 8315
5070 7933
4798 7388
4683 7405
4605 7174
4747 7312
4598 7320
4480 7112
4741 7740
4903 7608
4801 7910
4546 7260
4334 7086
5136 8037
5121 7641
4472 6965
4555 7211
4488 7226
4680 7685
4686 7271
4277 6792
4811 7460
4993 7869
4957 7743
4425 6983
4551 6879
4797 7596
4735 7590
4860 7749
4795 7622
4698 7517
4752 7346
4604 7268
4513 7247
4278 6926
4859 7856
4706 7370
4966 7824
4916 7736
4501 7215
4945 7742
4591 7197
4520 7262
4719 7403
4465 7161
4401 7282
4394 6972
4871 7564
4972 7596
4574 7308
4708 7455
4786 7719
4516 7055
4386 7093
4919 7557
4773 7676
4933 7756
4410 6930
4672 7224
4823 7364
4413 7147
4705 7068
4968 7742
4603 6967
4681 7690
4622 7310
4234 6870
4389 7029
4769 7422
4232 6608
4580 7347
4794 7641
4929 7392
4684 7529
4553 7335
4047 6668
4854 7649
4831 7857
4584 6887
4357 7045
4350 6782
4385 7038
4282 6830
4575 7104
4845 7623
4478 7212
4850 7403
4733 7269
4644 7235
4617 7505
4301 7161
4874 7646
4566 7368
5268 7912
4507 7145
4135 6520
4664 7311
4582 7374
4989 7747
4505 7289
4298 6796
4666 7392
4747 7801
4623 7607
4684 7486
4707 7357
4498 7154
4675 7332
4534 6935
4728 7311
4643 7390
4242 6675
4521 7118
4706 7682
4945 7710
4734 7499
4597 7161
4606 7447
4298 6574
5147 8009
4776 7445
4821 7620
4528 7247
4897 7414
4546 7124
4771 7492
4734 7418
4390 6739
4866 7497
4973 7831
4473 7123
4893 7774
4863 7787
4727 7572
4759 7427
4878 7722
4558 7397
4479 7077
4432 7376
4813 7787
4766 7512
4481 7049
4428 6951
4623 7131
4598 7383
4547 7252
4745 7373
5062 7839
4669 7365
5201 7820
4678 7238
4604 6961
4808 7816
4544 7147
4306 6798
4407 6951
4400 7125
4613 7075
4846 7460
4701 7193
5019 7649
4263 6893
4917 7471
5033 7930
4414 7383
4555 7250
4867 7650
4601 7191
4577 7262
4379 7084
4507 7139
4671 7338
4707 7538
4889 7607
4356 6901
4208 6873
4870 7753
4959 7912
4137 6597
4796 7409
4537 7304
4367 6996
4762 7420
4623 7382
4854 7182
4711 7323
4366 7210
4849 7553
4803 7720
4770 7505
5003 7608
4470 7156
5193 8175
4815 7790
4994 7721
4352 7112
4745 7554
4313 6750
4796 7513
5191 7843
4241 7248
4796 7179
4882 7546
4908 7661
4747 7484
4612 7682
4304 7093
4678 7374
4714 7474
4605 7209
4486 7118
4611 7084
4688 6989
4658 7249
4777 7481
4425 6930
4383 6926
4209 6813
4508 7311
4580 7458
4465 7077
4829 7739
4592 7274
5046 7823
4556 7039
4845 7637
4537 7134
4630 7435
4693 7284
4865 7614
4769 7363
4595 7368
4553 7458
4376 6920
4111 6736
4785 7145
4771 7730
5205 7941
4974 7719
4399 7171
4795 7572
5078 8096
4565 7016
4663 7260
4560 7398
4827 7883
4926 7757
5007 7779
4877 7745
4905 7612
4719 7488
4536 7338
4518 7376
4631 7309
5042 7632
4819 7668
4599 7322
4710 7412
5053 8112
4499 7182
4884 7532
4577 7256
4987 7675
4646 7425
4676 7419
4528 7074
4971 7733
4905 7675
4707 7221
4807 7437
4940 7790
4698 7415
4564 7153
4367 7259
4702 7500
4792 7521
4331 6871
5081 7996
4489 7271
4663 7454
4941 7704
4897 7830
4438 7178
4411 6928
5250 7974
4669 7513
4519 7261
3882 6277
4831 7514
4733 7269
4652 7487
4833 7485
4800 7502
4934 7679
4475 7264
4530 7301
4718 7510
4910 7741
4953 7601
4553 7061
4849 7657
4986 7832
4415 7547
4672 7172
4801 7673
4810 7563
4949 7743
5014 7574
4756 7695
4403 6957
4893 7713
4616 7344
5051 7816
4721 7634
4498 7149
4713 7499
4662 7483
4551 7414
4932 8002
4811 7837
4774 7342
4814 7615
4886 7773
4657 7352
4931 7471
4416 6981
4764 7530
5276 8140
4442 6920
4512 6948
4183 6933
4352 6802
5029 7950
5081 7782
4479 7071
4630 7255
4286 6450
4498 7170
4831 7582
4798 7628
4592 7280
4634 7438
4815 7563
4945 8003
4612 7469
4736 7216
4482 7102
4926 7589
4770 7584
4518 7238
5014 7654
5059 7812
4744 7488
5096 7746
4511 7170
4844 7428
4780 7615
4399 7038
4776 7687
5180 8324
4489 7037
4501 7341
4786 7516
4476 7386
4649 7407
4560 7170
5055 7854
4895 7840
4731 7399
4784 7585
4570 7038
5281 8659
4754 7460
4668 7520
4785 7481
4753 7345
4589 7254
4711 7455
4542 7208
4242 7007
4537 7312
4320 7165
4787 7594
4431 7266
4587 7570
5215 8269
4468 6981
5021 7713
5198 8194
4735 7389
4449 6942
4917 7780
4664 6877
4695 7720
4927 7887
4437 7163
4723 7287
4790 7481
4724 7646
4747 7633
4721 7614
4559 7006
4715 7334
4730 7441
4285 6790
5012 7762
4556 7028
4873 7842
4566 6970
4403 7035
4203 7066
4221 6805
4622 7264
4421 6944
4840 7368
4700 7629
4689 7235
4461 7275
4985 7726
4322 7019
4463 7124
4703 7427
4471 7211
4911 7956
4825 7676
5009 7954
4452 7132
5234 8001
4618 7280
4908 7664
4663 7667
5200 8065
4601 7405
4616 7251
4606 7383
4731 7602
4688 7250
4625 7224
4639 7446
5101 7815
4965 7595
4896 7971
4614 7286
4450 7034
4917 7754
4913 7728
4612 7192
4888 7643
4451 7025
4618 7217
4625 7257
4854 7516
4719 7632
4899 7601
4836 7504
4790 7512
4552 7231
4599 7499
4919 7653
4319 7084
4554 6931
4707 7569
5113 7991
4319 6839
4474 7219
4410 6735
4726 7514
4791 7354
4453 7229
4728 7509
4746 7616
4995 7752
4706 7412
4474 7199
4581 7130
4855 7442
4901 7656
5002 7978
5182 8277
4785 7712
4632 7677
4423 7321
4552 7415
4508 6935
4944 7634
4634 7283
4999 7766
4405 7337
4731 7482
4869 7645
4765 7441
5138 7951
4756 7560
5063 7700
4834 7548
4744 7526
4456 7078
4381 6907
4539 7210
4704 7459
4712 7401
4239 6764
4857 7598
4764 7648
4869 7500
4271 6771
4742 7476
4496 7107
4632 7305
4395 7269
4562 7361
4570 7401
4308 6990
4480 7090
4541 7161
4888 7845
4930 7570
4530 7201
4774 7667
4873 7587
4607 7532
4959 7726
4306 6942
4285 6981
4749 7507
4886 7623
4582 7289
4806 7754
4539 7149
4760 7518
4325 6729
4543 7007
4410 6911
4900 7604
4457 7102
4557 7465
4841 7576
4992 7590
4951 7712
4929 7566
5155 7892
4792 7727
4756 7571
5020 7747
4201 6646
4769 7659
4524 7077
4658 7373
4856 7371
4682 7205
4433 7444
4476 6939
4634 7516
4607 7415
4505 6937
4922 7556
5196 8044
4870 7978
4657 7360
4573 7320
4072 6387
4878 7748
4974 8007
4122 6693
4922 7442
4733 7598
5139 7633
4939 7756
4718 7651
5074 7747
4478 7371
4282 6997
4654 7364
4268 6833
4715 7445
4514 7395
4618 7481
4856 7789
4340 7107
4691 7332
4826 7615
4949 7800
4998 7963
4810 7278
4397 6915
4701 7403
4845 7520
5189 8052
4560 7375
4949 7665
5008 7814
5186 8373
4779 7820
4708 7454
4353 7097
4429 6836
5063 8016
4695 7293
4806 7477
5080 8027
4628 7256
4622 6880
4453 7391
4606 7198
4645 7403
4527 7157
4880 7597
4766 7859
4623 7248
4492 7371
4484 7287
4640 7223
4809 8065
4572 7233
4476 7286
4267 7014
4332 6979
5447 8136
4743 7720
4554 7370
4366 7025
4783 7363
4835 7628
4690 7298
4378 7175
4886 7713
4621 7199
4695 7313
4987 7914
4604 7565
4844 7894
4574 7497
5071 7682
5276 8283
4806 7381
4456 7049
5062 7667
4869 7672
4610 7094
4851 7683
4720 7530
5100 7929
4603 7301
4812 7805
4815 7697
4860 7475
4383 6924
4741 7682
4656 7276
4991 7526
4636 7541
4743 7300
4743 7403
4587 7704
4554 6906
4678 7209
5076 7837
4721 7216
4531 7140
4673 7266
4442 7038
4664 7363
5039 7768
4949 7797
4813 7560
4560 7476
4974 7920
4784 7169
4759 7502
4770 7216
4650 7100
5019 7617
4745 7263
4521 7402
4710 7179
4431 6955
4350 6985
4850 7706
4571 7313
4801 7736
4516 7389
4620 7352
4411 7136
4883 7631
5041 7903
4544 7325
4836 7319
4829 7639
4175 7045
4470 6854
4600 7223
4465 7026
4756 7648
4798 7422
4605 7218
4601 7234
4811 7337
4634 7243
5091 8098
4653 7336
5049 7823
4856 7658
4876 8030
4565 7740
4264 6815
4537 7160
4233 7045
4178 6756
4597 7233
4658 7368
4734 7453
4391 6850
4805 7478
4763 7325
5017 7902
4883 7641
4447 7254
4773 7404
4723 7344
4925 7681
4736 7073
4309 7058
4572 7411
4416 7253
4350 7260
4847 7583
4562 7079
4462 7138
4526 7205
4629 7450
4636 7416
4895 7542
5014 7864
5279 8101
4641 7420
4386 7122
4957 7700
4710 7296
4677 7445
4351 6804
4691 7292
4830 7516
4592 7301
4908 7409
4579 7467
4512 7031
4697 7485
4796 7619
4521 6997
4489 7051
4162 6724
4686 7886
4233 6816
4703 7479
4640 7356
4655 7258
4875 7518
5033 7864
4609 7477
4441 7109
4542 7189
4697 7538
4552 7093
4489 7011
4861 7514
4835 7681
4505 7230
4984 7623
4724 7329
4438 6791
4862 7579
4429 6880
4823 7605
4689 7610
4344 6850
4620 7178
4781 7520
4869 7700
4573 7125
4760 7370
4799 7679
4350 7015
4704 7191
4444 6903
4408 6936
4555 7371
4566 7319
4612 7097
4710 7472
4416 7202
4904 7605
4141 6769
4631 7006
4551 7347
4743 7323
4669 7525
4665 7484
4619 6642
5055 7923
5054 7929
4221 6715
4816 7593
4277 6850
4406 7077
4742 7477
5213 8105
5264 7770
5120 7709
4731 7861
4788 7543
4568 7290
4655 7300
4722 7691
4959 7668
4534 7130
4936 7833
4294 6929
4540 7267
4369 6836
4609 7291
4790 7735
5235 8098
4602 7216
4570 7158
4648 7186
4485 7084
4907 7537
4793 7456
4300 6857
4464 7449
5032 7746
4823 7545
5063 8043
4516 7088
4545 7174
4656 7739
4614 7066
4349 7029
4942 7461
4603 7437
5064 7843
4676 7560
4704 7310
4410 7146
4387 7000
4399 7075
4927 7770
4861 7502
4682 7445
4847 7432
4751 7623
4380 6982
5042 7867
4610 7065
4663 7565
4695 7457
4859 7877
4691 7415
4554 7436
4706 7487
4609 7262
4351 7124
4222 7069
4815 7255
4766 7345
4834 7401
4702 7259
4764 7481
4824 7482
4904 7627
4408 6811
4867 7256
5000 7741
4798 7125
4782 7410
4609 7442
4130 6468
4735 7609
4453 7369
4601 7264
4866 7480
4414 6796
4630 7584
4368 6860
4544 7265
4319 6965
4689 7170
4706 7454
4674 7255
4664 7394
4743 7339
4712 7433
4532 7153
4927 7925
4624 7435
4752 7500
4839 7468
5019 7795
4488 7146
4838 7555
4729 7330
4685 7561
4948 7609
4719 7365
4632 7372
4902 7366
4670 7338
4620 7481
4536 7035
4843 7796
5026 7844
4230 7132
4522 7029
4748 7721
4453 7088
5164 7880
4424 7121
4614 7338
4632 7263
4401 7284
4375 6944
4668 7220
4864 7547
4583 7317
4933 7598
4953 7870
5107 7920
4715 7484
5063 8022
4625 7089
5059 7709
4854 7561
4641 7692
4208 6823
4317 6888
4594 7413
4728 7573
4596 7037
4555 7189
5298 8379
4337 7102
4808 7468
4675 7156
4877 7739
4481 7100
4790 7496
4825 7543
4438 7179
4637 7663
4720 7456
4902 7586
4929 7580
4665 7439
4732 7437
4883 7634
4347 7048
5071 7832
4401 6660
4791 7499
4890 7793
4786 7613
4448 6895
4708 7426
4522 7249
4357 6939
4754 7198
4500 7218
4615 7264
4785 7476
4462 7253
4936 7650
4968 7762
4603 7233
4686 7569
4543 7233
4908 7612
4557 7354
4687 7381
4476 7117
4596 7762
4591 7293
4789 7466
4702 7415
4941 8028
4364 6805
4678 7233
4896 7362
4545 7394
4703 7395
4604 7261
4901 7801
4499 7088
4704 7089
4569 7432
5202 8084
4756 7552
4972 7663
4547 7102
4744 7539
4613 7302
4687 7478
4634 7360
5030 7651
5213 8086
5012 7929
4946 7742
4577 7386
4405 7154
4732 7321
4492 7057
4957 7782
4818 7482
4773 7434
4494 7321
4881 7574
4709 7248
4806 7319
5331 8059
4602 7252
4525 7224
4947 7672
5225 8083
4440 6892
4193 7071
4880 7717
4674 7206
4781 7452
4751 7442
4869 7675
5069 7807
5044 7716
4766 7673
4930 7793
4503 7109
4829 7223
4676 7338
4749 7514
4685 7001
5142 7904
4594 7129
4594 7349
4612 6955
4846 7736
4377 6930
4736 7559
4679 7564
4998 7693
4508 7183
4421 6830
4452 7224
4525 7072
5045 7859
4602 7154
4243 6607
4652 7428
4629 7141
4469 7141
5027 7648
4571 7249
4760 7369
4750 7620
5257 8290
4660 7425
5212 8178
4832 7401
4734 7470
4323 6780
4171 6696
4957 7794
4747 7497
4899 7823
5125 7952
4375 7152
5400 8323
4404 6941
4393 6853
4956 7592
4823 7572
4373 7360
4896 7637
4732 7197
4767 7478
4540 7161
4853 7612
5339 8135
5001 7911
4505 7271
4455 6888
4505 7116
4806 7549
4725 7699
4730 7308
4562 7319
4412 7263
4458 6986
4146 6994
4985 7623
4632 7429
5074 7731
4547 7494
4420 7252
4840 7636
4638 7110
4502 6998
5141 7791
4703 7418
4331 6806
4831 7292
4347 6967
5208 7941
5158 8163
4452 7015
4503 6804
4480 7071
4533 7566
4913 7748
4554 7230
4602 7393
4906 7730
4539 7411
4447 7037
4702 7532
4495 7208
4912 7503
4037 6274
4353 7117
4416 6995
3933 6310
4820 7216
5220 8051
4758 7249
4901 7666
4601 7372
4724 7295
4291 6953
4458 6949
4745 7411
4654 7435
4927 7706
4562 7320
4627 7235
5077 7960
4906 7740
4529 7169
4669 7389
5145 7733
4670 7509
5087 8002
4739 7317
4447 7133
4905 7459
4675 7098
5044 7724
4652 7339
5222 7923
4761 7570
4562 7468
4915 7617
4659 7189
4570 7290
5207 7805
4580 7159
4572 7473
5017 7673
4874 7438
4620 7409
4562 7133
4856 7773
4669 7377
4370 6886
4523 7131
4457 7364
4275 6910
4481 7105
4617 6806
4568 6964
4601 7371
4443 6933
4775 7275
4746 7512
4953 7911
4560 7035
4861 7447
4922 7544
4783 7280
4391 7126
4814 7463
4347 6888
4494 7045
4277 7128
4423 7028
4399 7154
4882 7448
4570 7232
4773 7437
4413 7130
4682 7423
4707 7422
5165 8283
4847 7335
4689 7191
5034 7593
4669 7272
4682 7248
4423 7136
4744 7764
4832 7591
4950 7716
4658 7596
4938 7663
4839 7416
4697 7482
4761 7605
5314 8218
4857 7472
4823 7519
4801 7434
4590 7366
4809 7631
4988 7630
4531 7404
4697 7155
4791 7670
4879 7516
4537 7074
4703 7521
4428 7098
4753 7510
4729 7399
4334 6822
4527 7407
5087 7763
4225 6722
5242 8000
4661 7468
4850 7467
4769 7572
4552 7241
4841 7722
4394 7087
4656 7377
4796 7283
4063 6719
4755 7470
4360 6768
4524 7333
4477 6972
4562 7268
4653 6956
4428 6890
4892 7787
4717 7448
4618 7532
4534 7106
5002 7646
5026 7942
4867 7615
4454 7092
4588 7107
4236 6883
4571 7340
4437 7118
4635 7245
5308 8256
4958 7712
4363 6776
4444 7435
4630 7117
4600 7469
4904 7771
4939 7800
4717 7205
4723 7677
4711 7312
4205 6687
4471 7370
4608 7247
4471 7173
4678 7353
4698 7543
4448 7083
4820 7367
3962 6625
4730 7623
4433 6956
4581 7165
4899 7813
4495 7159
4446 7281
4521 6914
4317 6927
4283 6641
4846 7589
4461 7180
5061 7885
4734 7681
4949 7971
4312 6967
5003 7818
4582 7410
4946 7657
4469 6833
4405 7175
4760 7576
4561 6891
4563 7018
4827 7586
4465 7124
4394 7334
4909 7364
4941 7591
4702 7590
4518 7299
4446 7156
4604 7264
4202 6561
4393 7081
4638 7405
4630 7329
4742 7417
4322 7209
4631 7155
4858 7663
4353 7066
4545 7353
4632 7338
4732 7362
4433 7051
4811 7421
4924 8120
4580 7404
4588 7501
4546 7461
4560 7472
4753 7542
4882 7735
4477 6953
4712 7598
4581 7384
4398 6823
4806 7652
4656 7279
4421 6996
4271 6750
4731 7169
4453 7145
4795 7493
4674 7686
4825 7437
4729 7527
4457 7043
4271 6856
4666 7528
4752 7494
4631 7525
4630 7431
4792 7175
4631 7172
4360 6939
5018 7674
5003 7746
5105 7762
4346 7023
4859 7660
4381 6838
4631 7105
5008 7365
4955 7791
4490 7187
4766 7406
4721 7420
4546 7370
4764 7315
4928 7531
4837 7564
4721 7615
4782 7683
4462 6947
4956 7611
5188 8015
4687 7170
4793 7776
4844 7835
4563 7446
4741 7655
4472 7107
4369 6992
4690 7331
5090 7979
4500 7167
4532 7341
4739 7372
4668 7545
4398 6999
4948 7802
4605 7560
4725 7593
4837 7627
4686 7690
4509 6934
4809 7435
4976 7520
4741 7470
4257 6939
4695 7430
4886 7545
4436 7158
4975 7833
4799 7522
4632 7170
4621 7156
4709 7479
4688 7218
4598 7215
4414 7074
4656 7211
4880 7402
4918 7587
4714 7287
4121 6720
4403 7205
4811 7553
4395 6978
4897 7682
4883 7773
4822 7370
4003 6862
4679 7465
4680 7470
4742 7188
4503 7103
4894 7692
4675 7482
4582 7239
4557 7121
4716 7418
4818 7397
4934 7511
4925 7796
4579 7492
4707 7694
4688 7563
4662 7290
4473 7344
4975 7782
4656 7041
5021 7801
4297 6817
4356 7056
4654 7479
4703 7219
4963 7722
4546 7163
4357 7053
5009 7600
4594 7028
4388 7195
4727 7400
4863 7656
4904 7560
4800 7391
4828 7783
4430 7226
5185 8296
4878 7926
4735 7405
4616 7212
4578 7215
4600 7160
5023 7881
4891 7389
4867 7530
4632 7390
4443 7239
4384 6997
4918 7614
4539 7077
4235 6846
4503 7110
4569 7149
5094 7897
4495 6942
4784 7647
4514 7047
4700 7026
4604 7276
4725 7310
4261 6935
4410 7168
4747 7677
4540 6821
4585 7200
4730 7356
4986 7808
4354 6695
4499 7111
4900 7548
4697 7373
4626 7127
4860 7507
4657 7254
4961 7863
4844 7714
4745 7151
4815 7635
4763 7599
5132 7932
4424 6821
4607 7292
4683 7064
4683 7484
5165 8053
4582 7048
4531 7242
4594 7395
4789 7521
4616 7011
4733 7555
4490 7100
4513 7060
4902 7506
4487 6892
4836 7886
4566 7248
4358 6935
4841 7572
4508 7291
4509 6862
5053 7726
3872 6072
4029 6696
4853 7838
4556 7487
4754 7565
4429 7100
4721 7523
4659 7142
4658 7275
4556 7293
4567 7174
4526 7431
4499 7012
4545 7251
4721 7432
4792 7511
4749 7471
4515 7199
4759 7881
4493 7116
4580 7263
4740 7231
4638 7573
4883 7903
4468 6995
4635 7255
4632 7493
4576 7260
4765 7415
4800 7777
4958 7706
4309 6813
4480 7201
4290 7172
4623 7385
4892 7905
4550 7732
4926 8002
5267 8154
4935 7795
4669 7272
4862 7824
4256 6982
4284 6580
4405 6964
4884 7413
4522 6952
4978 7866
4761 7173
4108 6718
4151 6727
4557 7131
4381 7192
4731 7305
4555 7092
4755 7486
4625 7419
4635 7386
4976 7608
5153 7646
5054 7690
4662 7288
4303 6812
4597 7738
4861 7884
4296 6518
5043 7856
4536 7354
4518 7042
4699 7240
4787 7792
4664 7131
4822 7466
4461 6905
4824 7889
4416 7115
4742 7439
4449 7052
4865 7765
4888 7885
4766 7629
4796 7578
4258 7220
4951 7458
4498 7254
5079 7774
4506 6964
4604 7421
4401 7200
4681 7375
4253 6583
4560 7587
4858 7768
4701 7326
4156 6886
4835 7661
4532 7178
4395 6952
4934 7558
4724 7532
4310 7021
4761 7490
4467 7208
4897 7462
4786 7143
4724 7444
4419 7041
4924 7580
4898 7818
4534 7583
5036 7973
4635 7228
4449 7230
4748 7553
4962 8054
4395 6678
4308 6949
4890 7664
4601 7428
4820 7550
4435 7057
5020 7510
4229 6880
4581 7455
4827 7390
4576 7163
4478 7046
4423 7221
4578 7199
4916 7761
4674 7185
4748 7834
4833 7694
4693 7240
4885 7625
4839 7580
4353 7113
5115 8026
4572 7311
4812 7533
4285 6876
4471 7088
4563 7144
4645 7302
5176 7844
4883 7791
4419 6982
4227 6996
5061 7726
4668 7460
4725 7335
4657 7221
4872 7554
4447 7105
4614 7232
4419 6946
4268 6803
4430 7151
4766 7527
4730 7173
4956 7787
5162 7954
5009 7646
5146 7800
4550 7142
4513 7187
4542 7330
5046 7702
5117 7736
4348 7054
4569 7126
4941 7457
4691 7468
4765 7881
4733 7475
4805 7396
4717 7631
4939 7636
4525 7188
4840 7819
5132 7824
4705 7396
4423 7134
4628 7398
4882 7737
4835 7575
4885 7416
4456 7160
5072 7787
4474 7306
4710 7501
4786 7483
4749 7520
4953 7559
4206 6832
4942 7717
4594 7431
4767 7443
4593 7308
4737 7476
4960 7549
4701 7534
4820 7510
4612 7320
4699 7377
4516 7368
4490 7395
4373 7147
4696 7589
4321 6984
5283 8347
4928 7774
4640 7521
4789 7398
4701 7204
4645 7318
4686 7201
4914 7870
4407 6824
4797 7724
4292 6888
4969 7920
4635 7253
4555 7210
4813 7388
4749 7817
4986 7806
4536 7112
4051 6530
5055 7899
4463 7159
4641 7242
5022 7855
4950 7677
4415 7074
4601 7192
4558 7229
4911 7470
4419 6737
4386 7407
4553 7138
4567 7183
4750 7552
4650 7268
4896 8106
4759 7327
4738 7438
4336 7017
4328 6899
4844 7732
4295 6621
4689 7265
4721 7491
4922 7663
4578 7377
5050 7740
5246 7881
4823 7764
4469 7141
4578 7106
4368 6945
5033 7934
4807 7422
4931 7502
4905 7591
4770 7528
4954 7737
4791 7304
4609 7559
4296 6927
4785 7489
4296 6945
4493 7382
4635 7401
4646 7155
4807 7631
4687 7552
4484 7172
5065 7853
4454 6821
4783 7880
4712 7280
4634 7150
4593 7348
4509 7042
4598 7199
4912 7633
4469 7372
5003 7961
4761 7415
4942 8089
5127 8117
4391 6940
4707 7443
4804 7218
4730 7313
4378 6964
4609 7189
4998 7978
4945 7860
4788 7275
4496 7365
4351 6773
4481 7294
5019 7819
4570 7435
4212 6991
4754 7277
4663 7380
4501 7355
4788 7510
4738 7291
4647 7397
4715 7530
4233 6971
5598 8416
4457 7045
4927 7749
4595 7095
4434 6950
4748 7223
4618 7341
4642 7475
4900 7510
4872 7574
4558 7421
4564 7212
5237 8087
4890 7902
4948 7831
4554 7380
5166 8104
4870 7608
4667 7298
4607 6939
4720 7362
4817 7659
4807 7622
4575 7139
4367 6812
4594 7235
4693 7468
4541 7173
4427 6824
4885 7569
4535 7407
4771 7294
4513 7162
4715 7440
5134 7870
4379 6692
4503 6813
4406 7136
4783 7447
4848 7558
4236 6868
4468 7331
4719 7397
4683 7169
4620 7266
4657 7505
4462 7312
4677 7349
4702 7311
4839 7462
5130 8063
4688 7665
4630 7364
4562 7331
4582 6974
4982 7683
4505 7277
4857 7499
4463 7104
4823 7795
4701 7104
4740 7370
4838 7510
4798 7619
4966 8094
4639 7247
4799 7086
4630 7382
4882 7368
4360 6929
4617 7537
4422 7072
4691 7373
4926 7579
4548 7164
4854 7331
4959 7712
4794 7512
4614 7464
4675 7175
4586 7476
4438 6643
4937 7747
4833 7445
4509 6974
4584 7027
4483 7145
5123 7975
4386 6953
4719 7474
4837 7338
4744 7559
4834 7312
4607 7402
4703 7363
4589 7347
4760 7612
4492 7275
4441 7364
5022 8031
4718 7521
4585 6922
4624 7419
5249 8103
5063 7812
4779 7365
4485 7070
4779 7373
4343 7051
4902 7689
4767 7246
4625 7097
4543 7309
4591 7284
4549 6937
5093 7737
4707 7541
4957 7646
4663 7118
4776 7601
4498 7273
4504 7188
5131 8090
4811 7642
4686 7281
4686 7395
5043 7930
4809 7671
4864 7686
4502 7353
4782 7420
4944 7827
5165 7884
4804 7154
4558 7325
4679 7451
5216 7782
4278 7044
4577 7408
4404 6975
5078 7910
4735 7576
4422 7321
4628 7300
4743 7423
4641 7380
5204 7853
4551 6986
4615 7198
4882 7701
4227 6543
4470 6913
4654 7529
4199 6777
4819 7579
4358 7172
4897 7883
4666 7391
4436 7396
4473 7171
4657 7452
4908 7689
4577 7347
4789 7330
4470 7151
4542 7105
4915 7487
4682 7626
4682 7383
4584 7307
4725 7453
4915 7705
4695 7336
4646 7428
4422 7148
4853 7486
4895 7532
4717 7388
4720 7524
4458 7098
4476 7032
4353 6685
4740 7544
4603 7322
4956 7799
4788 7496
4733 7359
4538 6740
5049 7834
4734 7366
5072 7986
4685 7376
4452 7104
4684 7502
4931 7537
4579 7133
5142 7998
4855 7769
4505 7296
4429 7096
4932 7831
4872 7496
4993 8099
4847 7316
4604 7467
4395 6969
4757 7694
4678 7636
4388 6957
4708 7275
4355 7234
4358 6824
4851 7433
4666 7449
4559 7105
4780 7753
4774 7941
4543 7130
4567 6921
5027 7934
4902 7545
4871 7401
4921 7768
4491 7064
4133 6652
4870 7474
4629 7193
4606 7178
4634 7260
4607 7367
4403 7025
4508 7490
4290 6954
4789 7317
4565 7202
4789 7583
4764 7559
4929 7571
4433 6809
4259 6853
4865 7857
4921 8251
4792 7587
5000 7643
4478 7044
4893 7741
4661 7299
4545 7163
4523 7335
4661 7312
4512 6917
4572 7206
4478 7468
4574 7554
4513 7241
4876 7673
5085 7988
4687 7191
5020 7665
4984 7760
4345 7253
4646 7341
4691 7385
4541 7186
4481 6980
4737 7328
4421 7039
5053 7795
4667 7343
4272 6740
4491 7143
4830 7348
4759 7552
4703 7170
4652 7451
4743 7405
4652 7511
4434 6989
4945 7442
4871 7453
4607 7423
4901 7556
4630 7483
4571 7130
4613 7442
4672 7259
4539 7504
4397 6760
4744 7533
4768 7584
4512 7109
4966 7950
5017 8015
4814 7506
4247 6842
4857 7623
4722 7261
4375 7330
5004 7942
4559 7261
4400 7190
4243 6823
4523 7067
5067 7991
5016 8021
4593 7167
5194 7725
4937 7692
4989 7818
4249 6847
4921 7843
4865 7778
4881 7747
4781 7789
4386 7126
4517 7269
4551 7142
4583 7038
4622 6685
4645 7701
4760 7521
5049 7912
4799 7754
4674 7372
5307 8192
4859 7755
4843 7397
4519 7254
4929 7478
4820 7646
4891 7756
4250 6851
4430 7177
4719 7433
4486 6937
5067 8056
4104 6738
4752 7809
4486 6790
5005 7744
4962 8031
4955 7552
4390 7183
4690 7370
4564 7516
4210 6968
4258 6966
4693 7484
4555 7435
5192 7995
4964 7668
5066 7936
4753 7502
4449 7257
4549 6928
4637 7245
4866 7633
4419 6780
4705 7252
4666 7411
4812 7582
4345 6981
4664 7725
4599 7226
4886 7461
4741 7580
4726 7335
4269 6982
4408 7366
4820 7695
4831 7472
4727 7459
4594 7321
4495 7031
4981 7636
4545 7152
4746 7666
4386 6901
4516 7213
4956 7410
4936 7664
4662 7421
4583 7346
4943 7619
4605 7642
4526 7163
4391 6886
4732 7660
4824 7694
4633 7085
4537 7207
4964 7780
4596 7094
4516 6690
4676 7211
4385 7056
4783 7398
4743 7155
4747 7539
4926 7712
4527 7331
4964 7637
4492 7077
4724 7697
4574 7252
4967 7762
4860 7595
4608 7182
4536 7308
4927 7665
4219 7011
4936 7735
4862 7295
4501 7172
5051 7829
4420 6892
4583 7290
4801 7516
4938 7847
4527 7096
4700 7173
5010 7731
4804 7591
4953 7981
4351 7355
4407 6817
4495 7206
4747 7529
4690 7462
4576 7098
5244 8150
4943 7750
4738 7094
4336 6829
4652 7312
4982 7892
4465 7263
4470 7146
4638 7442
4915 7840
4520 7219
4671 7176
4729 7429
4618 7565
4507 7152
4580 7495
5019 8070
4546 7029
4739 7508
4345 6658
4991 7717
4314 6998
4607 6924
4634 7275
4662 7283
4623 7431
4796 7428
4937 7862
4948 7705
4979 7631
4828 7510
4549 7213
4408 7253
4641 7505
4342 6689
4847 7730
5000 7864
4199 6833
4745 7410
4930 7452
4577 7309
4358 6842
4307 6944
4590 7130
4848 7343
4034 6529
4840 7688
4587 7150
4663 7455
4754 7331
4959 7662
5060 7640
4509 7385
4906 7779
4326 6921
4562 7190
4816 7568
5146 7690
4932 7755
5047 7612
4842 7534
4827 7396
4519 7160
4534 7297
4536 6898
4890 7728
4671 7474
4752 7179
4336 7240
4889 7628
4322 6768
4880 7545
4563 7265
4520 7217
4530 7129
4897 7406
4545 7429
4273 6759
4536 6989
4629 7686
4541 7016
4405 6958
4328 7126
4693 7314
4578 7053
4598 7633
4664 7432
4714 7533
4678 7402
4755 7591
4912 7829
4932 7844
4449 7116
4361 6839
4817 7337
4690 7492
4965 7740
4584 7033
4229 7116
5099 7949
4268 6883
4550 7221
4685 7431
4556 7193
4781 7370
4793 7938
4500 7002
4945 7699
4789 7636
4603 7240
4852 7605
4585 7135
4418 6956
4635 7327
4703 7294
4575 7330
4511 7316
4622 7268
4752 7617
4611 7552
4934 8044
4426 7147
4571 7136
4696 7299
4718 7430
4239 6925
4564 6940
4893 8061
4442 6940
4636 7332
4710 7226
4727 7072
4543 7341
4712 7351
4873 7672
4703 7454
4416 6832
4541 6976
4510 7333
4518 7498
4278 7129
4770 7115
4751 7486
4993 7572
4715 7449
5019 7648
4487 7363
4666 7632
4474 7208
4998 7741
4451 7221
4697 7383
4437 6823
4404 7066
4382 6888
4828 7743
5272 8171
5038 7856
4608 7233
4887 7765
4482 7064
4571 7150
4726 7237
5036 7858
4177 6707
4730 7509
4532 7289
4663 7324
4135 6840
4693 7450
4614 7409
4916 7709
4739 7553
4954 7868
4957 7910
4588 7234
4659 7469
4694 6970
4675 7553
4521 7249
4546 7341
4721 7424
4579 7509
4996 7839
4985 7704
4392 7097
4512 7109
4957 7647
4389 7013
4610 7329
4862 7762
4338 6818
4838 7598
4960 7736
4308 6750
4446 7106
4329 6966
4946 7944
4285 6903
4518 7168
4625 7205
4826 7289
4454 7076
4251 6934
4926 7695
4360 6861
4392 7033
4863 7633
4418 6887
4395 7014
4677 6924
4236 6967
4620 7423
5055 7953
4795 7493
4312 7082
4377 6985
4693 7482
4744 7420
4604 7602
4561 7325
4798 7369
4457 7118
4511 6981
4754 7449
4992 7401
4511 6981
4108 6792
4593 7666
4969 7401
4558 7421
4941 7507
4550 7132
4756 7559
4454 6806
4524 7184
4367 6879
4844 7384
4957 7620
4709 7807
4541 7128
4704 7601
4239 7078
4519 7083
4333 7117
4612 7502
4795 7713
4072 6599
4474 7139
4473 7055
4742 7589
4988 7642
4573 6967
4470 6992
4947 7557
4546 7226
4316 6963
4651 7311
4902 7563
4563 7055
4358 7119
4861 7698
4470 7278
5120 7973
4523 7413
4740 7588
4942 7659
5024 7910
4617 7537
5077 7574
4884 7564
4616 7464
4781 7549
4478 7273
4226 6861
4464 7266
5152 7838
4573 7198
4599 7424
4866 7608
4664 7192
4632 7540
4446 7273
4737 7584
5142 7960
5158 8038
4651 7487
4697 7364
4898 7634
4776 7137
4706 7310
4273 6876
4562 7244
4452 7032
4683 7046
4842 7677
4434 7097
4538 7304
4300 6851
4088 6599
4615 7206
4825 7642
4442 7107
4587 7234
4597 7388
4617 7401
5083 7866
4524 6802
4859 7486
4437 7276
4501 7012
4316 7223
4749 7343
4699 7496
4320 6840
4625 7279
4420 7210
4379 7061
4926 7848
4112 6556
4947 7880
4537 7055
4234 6826
4704 7486
4582 7154
4630 7294
4772 7164
4423 6811
4794 7844
4456 7097
4957 7571
4450 6714
4634 7338
4847 7517
5172 7855
5380 7916
4812 7799
4644 7262
5061 7939
4423 7122
5037 7541
4504 7295
5189 7923
5055 7935
4820 7702
4176 6929
4640 7004
4762 7321
4761 7461
4537 7129
4688 7344
4428 7077
4534 7226
4817 7762
4739 7405
4617 7266
4515 7167
4763 7527
4960 7942
4775 7566
4439 7313
4593 7319
4709 7598
4170 6578
4652 7613
4668 7451
4443 7289
4786 7468
4940 7659
4581 7133
4503 7375
4568 7190
5163 8059
4529 7337
4600 7129
4905 7384
4620 7357
4409 6886
4530 7513
4788 7519
4736 7268
4380 7187
4507 7453
4462 7026
4914 7414
4778 7406
5113 8067
4408 6925
4986 7940
4389 7101
4089 6803
4613 7304
4796 7627
4668 7342
4672 7434
4829 7736
4429 7326
4479 7197
4818 7481
4527 7081
4698 7501
4783 7776
4541 7167
5024 7593
4791 7301
4637 7520
5204 8060
4397 7025
4450 6894
4916 7531
4559 7368
4680 7449
4682 7435
4284 6973
4155 6952
4772 7645
4448 7005
4423 7059
4510 7176
4912 7794
4432 7277
4316 6883
4854 7443
4673 7612
4411 6946
4342 6920
4585 7372
4731 7430
4891 7520
5131 7841
4490 6899
3897 6181
4689 7536
4915 8091
5030 7741
4792 7669
4854 7362
4431 7116
4154 6575
4487 6939
4412 7314
4756 7333
4986 7324
4841 7636
4870 7570
4539 7395
4301 6660
4741 7579
4641 7173
4286 7016
4865 7337
4438 7409
5190 7930
4865 7851
4510 7107
4794 7351
4968 7797
5026 7499
4499 7090
4784 7559
4637 7087
4659 7591
4907 7562
4399 6912
4700 7545
4597 7099
4557 7231
5160 8186
4583 7159
4498 7104
4624 7426
4427 7347
4872 7933
4830 7576
4644 7523
4756 7653
4627 7417
4796 7336
4523 7133
4568 7179
4312 6889
4800 7614
4833 7430
4620 7489
4412 7053
4506 7072
5002 7445
4374 6820
4977 8007
4785 7525
4375 6836
4803 7507
4560 6815
4742 7605
4719 7513
4845 7500
4881 7900
4590 7224
4658 7565
4287 6779
4627 7322
4902 7843
4716 7517
4497 7148
4716 7464
4583 7466
4880 7575
4770 7577
5065 7684
4826 7516
4600 7312
4613 7476
4511 7171
4902 7523
4954 7325
4778 7625
4645 7356
4799 7444
4915 7758
4657 7554
4396 7034
4511 6941
4478 7068
4657 7271
4570 7196
4838 7345
4929 7571
4547 7064
4893 7609
4739 7604
4135 6566
4707 7833
5041 7982
4636 7552
5043 7832
4126 6469
4853 7942
4777 7735
4568 7183
4468 7354
4740 7521
4910 7746
4316 6660
4631 7096
4757 7555
4681 7522
4953 7945
4788 7086
4599 7409
4982 7899
4678 7007
4385 7020
4663 7399
5060 7974
4317 6855
5012 7738
4809 7404
4616 7264
4712 7380
5006 7892
4819 7708
4520 7080
4425 7013
4518 6935
4870 7796
4609 7481
4296 6807
4521 7020
4496 7218
4731 7371
4836 7661
4805 7577
4575 7303
4801 7386
4612 7225
4343 7069
4566 7393
4489 7022
4460 7182
4479 7342
4860 7377
4502 7308
4590 7335
4315 7033
4491 7152
4539 7206
4478 7188
4682 7481
4729 7461
5017 7638
4430 7100
4784 7222
4779 7303
5146 7745
4509 7019
4647 7486
4967 8129
4770 7701
4544 7085
4676 7306
4687 7706
4401 7180
4531 7156
4555 7161
5019 7703
4468 7580
4921 7697
4619 7092
4178 6649
4887 7676
4381 6698
4460 7289
4862 7345
4454 6833
4499 7225
4731 7553
4834 7407
4861 7411
4733 7400
5001 7821
4798 7574
4560 7051
4298 6884
4755 7340
4802 7726
4686 7892
4751 7747
4919 7539
4831 7663
4437 7051
4973 7768
4733 7647
4152 6654
4568 7413
4288 6883
4461 7432
4768 7302
4661 7344
4672 7348
4680 7378
4481 7104
4443 7063
4315 6752
4500 7315
4206 6852
4155 6693
4826 7676
4753 7366
4778 7490
4850 7811
4855 7590
4622 7340
5066 7885
4640 7447
4672 7490
4214 6831
4647 7407
4725 7373
4690 7304
4844 8039
5357 8384
5212 7944
4698 7189
4458 6949
4823 7330
5083 7807
4753 7423
4395 6779
4477 7125
4746 7225
5122 7729
4784 7516
4302 6807
4530 6817
4460 6975
4544 7383
4338 7180
4831 7528
4402 6993
4993 7601
4789 7632
4794 7739
4484 7080
4623 7192
4534 7366
4709 7224
4434 7226
4845 7269
4597 7395
4444 7262
4827 7448
4878 7505
4790 7444
4371 7032
4737 7592
4552 7277
4269 6867
4659 6990
4832 7492
4617 7224
4628 7180
4796 7544
4842 7490
5009 8037
4784 7684
4720 7257
4719 7309
4569 7004
4372 7431
4430 7208
4791 7765
4435 7202
4310 6768
4597 7359
4288 7003
4676 7255
4741 7275
4922 7654
4781 7555
5170 7944
4339 6714
4882 7913
4851 7450
4670 7421
4639 7244
4844 7381
4460 6962
4717 7313
4162 6769
4058 6592
4856 7478
4358 7141
4534 7326
4528 7072
4505 6902
4538 6869
4313 6899
5062 7731
4469 7089
4891 7818
4411 7067
4819 7632
4432 7248
4840 7559
4884 7637
4331 6714
5032 7928
5031 7750
4560 7207
4462 7222
4796 7318
4690 7084
4595 7253
5052 7873
4888 7510
4675 7659
4264 6647
4516 6882
4322 7048
4710 7568
4980 7439
4406 7044
4527 7234
4650 7639
4954 7604
4696 7471
4856 7183
4161 6992
4769 7545
4879 7679
4738 7697
4964 7815
4516 7325
4859 7833
4647 7382
4863 7903
4486 7247
4669 7204
5232 8383
4497 7363
5126 7827
4765 7528
4702 7414
4747 7209
4889 7720
4520 7495
4512 7167
4649 7289
4439 7017
5138 7876
4910 7953
4544 7221
4415 7270
4619 6920
4723 7781
4494 6987
5128 7969
4744 7556
4945 7797
4642 7682
4872 7715
4814 7619
4643 7276
4737 7845
4679 7456
4997 7502
4493 7031
4710 7436
4731 7826
4145 6964
4841 7690
4677 7154
4895 7507
4471 7178
4377 7207
4401 7028
4496 7137
4517 7238
4589 7412
4569 7342
4580 7424
4994 7850
4235 6846
4787 7482
4814 7736
4347 6852
4537 7202
4544 7241
4827 7940
4772 7976
4669 7133
4554 7027
4452 7106
4592 7171
4693 7181
4565 7432
4406 6896
4906 7669
4574 7208
4472 7142
4506 7111
4712 7514
4685 7393
4429 7304
4558 7332
4674 7441
4947 7488
4493 7099
4823 7661
4424 7285
4524 7179
4538 7421
4706 7476
5313 8217
5121 7789
4420 7048
4716 7388
4330 6762
4678 7353
4442 7086
5074 7732
4823 7529
4419 6995
4677 7453
4959 7658
5139 7881
4690 7324
4802 7512
4751 7186
4480 7026
4784 7525
4849 7837
4529 7068
4916 7648
4360 7307
4046 6652
4563 7392
4851 7756
4893 7651
4838 7685
4770 7451
4814 7456
4556 6889
5013 7934
4601 7424
4696 7425
4557 7296
4736 7431
4160 6710
4677 7352
4601 7350
4973 7795
5043 7947
5107 7904
4379 6933
4293 6720
4716 7374
4437 7213
4575 7279
4616 6996
4528 7273
4797 7828
4259 6926
4530 7234
4521 7290
5101 8058
4363 6964
4650 7287
4333 7008
4728 7410
4872 7682
4305 7003
4475 7055
4530 7375
4460 7337
4588 7249
4783 7648
4837 7400
4640 7203
4656 7194
5038 7815
4779 7380
4391 7146
4149 6617
4322 6994
4971 7881
4239 6901
5009 7674
4428 7288
4509 7018
4827 7793
4194 6963
4447 7087
4337 6934
5242 7846
5089 7871
4973 7579
4906 7635
4758 7522
4263 6870
4857 7806
4399 7168
4574 7260
4813 7691
4770 7587
4620 7029
4461 7316
4930 7804
4529 7093
4527 7277
4794 7895
4934 7323
4942 7766
4746 7310
4894 7466
4877 7586
4457 7038
5121 7831
4808 7603
4262 6766
4455 7161
5435 8420
4705 7225
4433 6881
4499 7253
4929 8025
4668 7446
4788 7912
5026 7766
4759 7295
4701 7530
4653 7210
4609 7353
5214 8204
4451 7079
4050 6845
4605 7243
4492 7087
4639 7303
4888 7903
4641 7382
4807 7569
4855 7710
4593 7133
4877 7560
4752 7714
4342 6780
4667 7459
4906 7807
4456 6967
4509 7252
4203 6944
4486 7124
4456 7295
4498 7167
4996 7848
4627 7539
4332 6966
4279 6788
4869 7647
4821 7548
4873 7785
5005 7632
4517 7629
5022 7775
4729 7225
4878 7598
5070 7982
4925 7711
4387 7260
4970 7542
4591 7230
4571 7480
4248 7252
4886 7491
4811 7694
4824 7453
4618 7407
4623 7131
4261 6856
4614 7196
4862 7432
4669 7514
4266 6802
4266 7045
4856 7797
4524 7462
5002 7933
4610 7201
4709 7522
4411 7115
4275 6603
4681 7159
4693 7482
4559 7199
4426 7160
4779 7519
4851 7448
5025 7813
4687 6879
4205 6866
5202 7952
4807 7366
4640 7206
4569 7536
5209 8189
4698 7523
4359 7310
4395 6747
4393 7026
4598 7284
4451 7269
4614 6880
4890 7679
4210 7020
4713 7394
4692 7212
4790 7667
5003 7742
4251 6828
4862 7509
4439 7078
4495 7080
4794 7466
4859 7409
4753 7439
4996 7808
4459 7008
4466 7151
4629 7225
4430 6833
4647 7371
5009 7807
4811 7533
4625 7364
4526 7295
4678 7248
4408 7183
4546 7569
4489 7071
5005 7943
4801 7558
4524 7454
4000 6505
4466 7194
4850 7689
4722 7614
4814 7780
4818 7634
4644 7555
4392 6782
4531 7237
4197 7015
4827 7425
4986 8040
4747 7649
4504 6929
4868 7638
5053 7821
4664 7192
4478 6875
4795 7542
4999 7611
4450 6613
4821 7533
4591 7279
4592 7164
4737 7244
4794 7396
4916 7780
4630 7510
4284 7103
4655 7340
4713 7351
4779 7402
4716 7461
5006 7866
4278 6851
4873 7582
4286 6874
4402 7031
4319 7177
5065 8015
4579 7324
4932 7781
4679 7209
4818 7342
4503 7232
4767 7520
4906 8009
4522 7245
4376 7225
4788 7145
4937 7621
4522 7138
4967 8005
4359 6931
4687 7407
4707 7473
4821 7632
5107 7963
4840 7824
4858 7443
4911 7563
4439 7043
4832 7454
4837 7479
4638 7265
4713 7471
4731 7515
4524 7227
4773 7249
4183 6999
4295 6636
4697 7792
4731 7447
4835 7774
4559 7689
4857 7483
4665 7527
4725 7487
4736 7049
5133 7999
5081 8014
5022 7484
4382 6942
4647 7363
4307 7050
5005 7979
4931 7812
4847 7686
4839 7373
4057 6496
4684 7411
4584 7347
4533 7394
4339 7195
4773 7462
4568 7386
4725 7229
4720 7480
4717 7472
4878 7715
4118 6717
4349 6987
4462 7133
5076 7913
4272 6921
5018 7725
4631 7398
5039 7745
4895 7979
4271 6884
4908 7715
4680 7718
4926 7770
4862 7551
4790 7441
4062 6814
4560 7071
4502 7182
4687 7350
4899 7902
4601 7273
4980 7443
4643 7491
4403 7185
4584 7667
4559 7033
4245 6860
4916 7648
4879 7457
4582 7479
4800 7390
4655 7429
4896 7848
4954 7705
4470 7120
4906 7796
4754 7408
4853 7738
4641 7275
4540 7261
4360 6865
4712 7733
4872 7563
4788 7541
4581 7428
4489 7471
5090 7851
4482 7045
4495 7054
4905 7575
4925 7762
4639 7253
4689 7510
4805 7332
4608 7401
5018 7754
4641 7483
4387 6828
5099 8056
5073 7838
4803 7448
4936 7801
4710 7281
4863 7811
4662 7676
4539 7141
5200 8060
5086 7786
4804 7574
4436 7391
4315 7007
4537 6938
4553 7434
4924 7912
4651 7517
4592 7312
4804 7687
4676 7308
4482 6771
4602 7295
4728 7665
5036 7777
4515 7307
4890 7685
4679 7374
4691 7314
4631 7130
4652 7444
4586 7362
4657 6890
5001 7906
4985 7660
4639 7236
5161 7966
5050 8141
5246 8383
5109 7968
4273 6845
4395 7322
4710 7158
4515 7326
4974 8023
4783 7311
4755 7388
4357 7023
4760 7515
5078 7681
4922 7712
5036 7702
4348 7067
4828 7574
4709 7495
4670 7247
4790 7550
4543 7301
4977 7723
5002 7905
4478 7170
4691 7232
4767 7595
4548 7018
4204 6762
4812 7527
4325 6569
5204 8125
4686 7133
4616 7147
4421 7022
4519 7065
4740 7148
4578 7309
4569 7031
5123 7970
4793 7249
4756 7150
4171 6650
4380 6988
4513 7549
4527 6947
4645 7270
4958 7963
4627 7360
4399 6911
4332 6978
4707 7558
4684 6995
4960 8032
4342 6856
4446 6853
4393 7170
4574 7122
4734 7593
4371 6937
4813 7258
4843 7535
4178 6577
4748 7535
4785 7486
4539 7375
4682 7192
4603 7594
4972 7622
5023 7951
4563 7176
4553 7175
4267 7229
4673 7424
5031 8211
4862 7507
4389 6796
4278 6995
4202 6872
4282 6961
4589 7230
4348 7280
4893 7853
5014 7780
4892 7626
4512 6858
5049 7712
4739 7469
4861 7928
4893 7921
4277 7024
4342 7114
4746 7643
4753 7352
4990 7732
4815 7814
4591 7376
4319 6798
4869 7629
4747 7445
4889 7682
4690 7510
4538 7429
4756 7314
4754 7542
4629 7096
4475 6735
4851 7772
4468 7264
4427 7039
5126 7658
4347 7186
4598 7280
4782 7201
4710 7464
4965 7771
4772 7371
4572 7331
4657 7113
4999 7915
4562 7222
4376 6868
5082 7772
4907 7884
4773 7097
4620 7266
4428 6938
4415 7106
4903 7581
4492 7115
4516 6962
4822 7615
4641 7241
4657 7116
4095 6643
4459 7075
5322 8152
5125 7651
4700 7372
4691 7367
4632 7182
4955 7576
3935 6536
4232 6878
4518 7081
4664 7358
5294 8346
4374 7091
4614 7015
4595 7145
4704 7500
4864 7496
4685 7361
4413 7155
4424 7024
4716 6999
4828 7862
4938 7713
4449 7070
4551 7112
4517 7272
4742 7544
4845 7659
4717 7396
5047 7988
4588 7152
4580 7338
5033 7856
4521 7174
4759 7427
4910 7879
5022 7792
4827 7630
4700 7396
4620 7157
4725 7119
4852 7835
4574 7177
4507 7215
4737 7316
5175 7774
4833 7197
4341 7118
4680 7405
4928 7794
4620 7110
4492 7234
4883 7454
4937 7818
4655 7374
5058 7919
5136 7872
4809 7585
4850 7375
4615 7116
4670 7160
4561 7271
4362 6859
4948 7733
4499 7213
4211 6669
5012 8019
4825 7824
4718 7398
4677 7576
4535 7292
4836 7461
4476 7406
5079 8039
4416 7088
4585 7257
