5330 9727
5292 9628
5653 10272
5716 10525
5231 9848
5605 10107
5890 10538
5979 10709
5473 10094
5672 10263
5835 10533
5572 10394
5511 10288
5598 10353
5571 10412
5318 9814
5527 10251
5342 9955
5742 10749
5388 10187
5330 9526
5319 9524
5833 10554
5824 10564
5678 10498
5814 10749
5564 10147
5730 10548
5671 10778
5905 11176
5500 10426
5837 10736
6099 11194
5890 10911
5538 10034
5355 9972
5484 10300
5472 10336
5833 10240
5503 10093
5605 10499
5222 9714
5369 9723
5675 10340
5671 10275
5771 9727
5791 10185
5906 10459
5982 10781
5235 9258
