6597 7078
6073 6603
5938 6615
6806 7382
6062 6696
5907 6540
6056 6568
6580 7106
5465 6203
5954 6300
6006 6579
6267 6711
6207 6623
5676 6231
6633 7054
6347 6851
6350 7042
6214 6826
5869 6529
5597 6498
5988 6364
6007 6552
6241 6859
5876 6481
6254 6874
6324 7066
5513 6346
5353 6206
6150 6888
6418 7089
6753 7437
6374 7060
6126 6717
6282 6958
5815 6289
5918 6517
6163 6772
5929 6532
6098 6714
6440 7005
6298 6757
5810 6407
6405 6628
6044 6634
5827 6319
5914 6427
5761 6157
6064 6709
6017 6596
6543 7070
6199 6598
6483 6953
6741 7487
5804 6195
5897 6614
6390 7058
6271 7083
5994 6453
5808 6492
5977 6487
6310 6743
6237 6810
5811 6272
5424 6084
5607 6117
5926 6385
6189 6618
6056 6749
6525 7168
6015 6351
6044 6857
6184 6747
5594 6368
6180 6579
5616 6174
5579 6321
5897 6658
6149 6678
6472 7185
5882 6437
6088 6508
5870 6580
6337 6749
6630 7093
6824 7365
6272 6973
6420 7232
6125 6954
6345 7046
6302 6841
6097 6951
6402 7138
6578 7189
5529 6048
6364 6995
6589 7170
6157 6794
6460 7072
6022 6467
5691 6387
5882 6608
5930 6589
6204 7042
6125 6739
6228 6599
5828 6613
5662 6261
6035 6572
5842 6635
6004 6583
5595 6247
5615 6327
5872 6378
6676 7192
5726 6440
5789 6532
5970 6850
5749 6343
5880 6601
6602 7392
6644 7181
6224 6609
6133 6606
5539 6166
6213 7053
5455 6195
6220 6698
6255 6943
6089 6475
6321 6606
6652 7036
6137 6845
6245 6683
6048 6890
6275 6886
5631 6442
6180 6741
5926 6426
6078 6732
5651 6360
6084 6523
5857 6493
6007 6447
6301 6746
6697 6938
5887 6518
6806 7296
5862 6800
6553 6955
6214 6878
6359 6758
6154 6871
5815 6525
6191 6596
5841 6643
5845 6507
5736 6407
6077 6650
6618 7094
5980 6572
5963 6399
6075 6808
5557 6438
5924 6486
6167 7131
6500 7024
6084 6835
5952 6623
6327 7102
6441 7064
6544 7090
6639 7290
6402 7024
6642 7071
5985 6186
6405 6942
6601 6831
5765 6304
5698 6369
5815 6576
6000 6235
6167 6727
6324 6876
5694 6408
5266 6190
6553 7230
6049 6794
5855 6443
7088 7722
6410 7071
6585 7126
6856 7386
5941 6594
5798 6484
6019 6664
5746 6393
5994 6371
5962 6633
5877 6437
6018 6444
6303 7081
6406 7000
6535 7225
5993 6754
5831 6263
6207 6640
6232 7034
6023 6841
5873 6565
6005 6715
6144 6737
5983 6421
6193 6758
5889 6502
6553 7232
6728 7266
6473 7172
6194 6528
5735 6303
6425 6993
5814 6140
5902 6302
6756 6988
6113 6805
5715 6208
5797 6424
5960 6838
6620 7065
5680 6347
6058 6735
6319 6777
6268 7029
6394 6937
6087 6803
6090 6570
6234 6967
6244 6752
6253 6571
5592 6303
6501 7141
5775 6491
6517 7078
6241 6998
6437 6971
6213 6861
5969 6477
6141 6720
6300 6999
6570 7136
6617 7206
6148 6985
6179 6642
5711 6269
5742 6214
6159 6881
6264 7066
6142 6678
5940 6411
5502 6300
5828 6523
5783 6390
5997 6635
5799 6643
5580 6312
6269 6711
6044 6719
5942 6548
6249 6881
6083 6912
5956 6767
6308 6859
5839 6372
5826 6418
5856 6280
6376 6891
6304 6811
5490 6281
5770 6376
6109 6592
6195 6759
6100 6871
5704 6228
5689 6221
6602 7088
5868 6253
6591 7151
5645 6505
5580 5995
5822 6475
5333 5777
6017 6648
5397 6195
6231 6747
5966 6222
5760 6363
6377 6965
5877 6599
5740 6217
6217 6562
5807 6562
5955 6552
6177 6819
5467 6079
5816 6727
6312 6730
6361 7107
5488 6046
5900 6766
5809 6400
5652 6488
6554 7166
6339 6716
6254 6824
6347 6750
6339 6840
6827 6893
6671 7044
6237 6740
5729 6784
6050 6650
6282 6810
5821 6484
5857 6589
6146 6977
5940 6522
6653 7217
5557 6226
6167 7015
6552 6886
5868 6497
5539 6192
6021 6491
6064 6562
6159 6937
6066 6573
6271 7229
6473 7148
5373 6379
6356 7113
5883 6419
6095 6659
6149 6728
6131 6816
6201 6750
6291 7205
5912 6257
6197 6676
5463 6245
6131 6663
6055 6909
6075 6824
6070 6543
5817 6385
6281 6809
6610 7096
6166 6892
6637 7422
6181 6883
5747 6624
6060 6882
6626 7011
6155 6718
6396 6638
6317 6926
6240 6800
6297 6717
5608 6236
6390 6806
5988 6705
6084 6716
5838 6539
5618 6491
5988 6758
6156 6707
6792 7346
6176 6764
5742 6272
5890 6620
5744 6303
6139 6539
6500 7094
5902 6446
6619 7193
6440 7012
5619 6234
5810 6227
5655 6038
5928 6287
5829 6539
6171 6533
5773 6474
5670 6361
6184 6589
5983 6702
6078 6664
6057 6570
6463 7192
6267 6816
6244 6851
5974 6514
5884 6459
5588 6427
6172 6674
5625 6158
6374 6897
6080 6889
6309 6973
6330 7166
5787 6311
6330 7046
5729 6310
6735 7235
6203 6660
6074 6799
6090 6721
5368 6206
6339 6784
6419 7145
6174 6923
5824 6448
5143 5736
6257 6947
5656 6349
6214 6877
6377 7113
6425 6788
5999 6403
5759 6731
6082 6648
6122 6365
5971 6412
6741 7541
5884 6640
6282 6810
6666 7049
5942 6870
6597 7095
6123 6806
5924 6334
5940 6641
5904 6634
6136 6972
6151 6746
5773 6461
6196 6822
6424 7233
6006 6433
5886 6696
5793 6695
5558 6251
6141 6703
6132 6931
6343 6747
6044 6614
6712 6976
6085 6823
5944 6536
5750 6661
6568 7110
5886 6734
5521 6412
5641 6422
6083 6714
6260 7228
6121 6642
5615 6286
6018 6594
6148 6710
6579 7227
6665 7247
6454 6995
6051 6371
6569 7261
6069 6654
6102 6638
5969 6631
6448 6882
5906 6568
6577 7083
6201 6527
5761 6487
6256 6585
6330 6819
5807 6400
5971 6664
5405 6311
5762 6447
6148 6838
5947 6481
6343 6886
6290 7134
6127 6834
5507 6189
5915 6746
5989 6572
6370 6786
5906 6628
6364 7126
6456 6770
6493 6926
6525 7059
6016 6601
5536 6036
5930 6455
5878 6264
6379 6806
6426 6915
6123 6847
5694 6706
5496 5968
6041 6464
6183 6754
6402 6658
6088 6592
5558 5814
6092 6730
5969 6401
6216 6618
6155 6750
6086 6779
5874 6450
6205 6640
5963 6733
6088 6536
6037 6556
6205 6687
6000 6689
6177 6882
6300 7097
5706 6298
6637 7424
6039 6497
5870 6352
6279 6840
5881 6499
5607 6194
6077 6579
5999 6449
6253 6744
5726 6390
5796 6409
6508 7022
6192 6856
6442 6833
6282 6800
6061 6675
5977 6455
6279 6939
6410 7236
6677 7064
6167 6933
6431 7085
5574 6302
5399 6184
6403 7099
6387 6884
5889 6573
6127 6878
6104 6587
5904 6493
5580 6015
6062 6853
6434 7095
5641 6600
6441 7149
6217 7018
5962 6728
6167 6765
6191 6875
5423 6039
6008 6579
6068 6854
5575 6134
6513 7196
6436 6637
5997 6550
5943 6501
6048 6590
6152 6855
6553 7221
6044 6669
5863 6495
6030 6763
6006 6783
6143 6563
6271 6838
5533 6184
6172 6753
5751 6291
5822 6361
6327 6992
5848 6637
5861 6514
6333 6545
5757 6710
6381 6778
6375 7137
6074 6923
5737 6435
5868 6464
6205 7096
6537 7341
6088 6674
6357 6743
5397 5890
6346 6747
5971 6514
6234 6930
5924 6359
5632 6376
6233 6894
6087 6656
5982 6678
5473 6074
5729 6252
6086 6773
6054 6715
6120 7044
6575 7039
6142 6813
6214 6793
5907 6411
6150 6690
6129 6615
5901 6651
5912 6647
5969 6398
5992 6587
5333 6392
5919 6769
6033 6691
5540 6224
6296 7019
5703 6559
6002 6737
5947 6551
6068 6728
6009 6576
5700 6552
6261 6672
5941 6680
5593 6393
6081 6954
6508 7154
5721 6285
6379 7142
5509 6124
6137 6917
6235 6541
6001 6494
5993 6580
6851 7416
6313 6954
5375 5982
6462 6883
5846 6698
5901 6690
5919 6635
6381 6982
5874 6675
5961 6505
5857 6415
5755 6527
5968 6494
6094 6610
6353 6814
6028 6791
5874 6576
6235 6717
6418 7178
5755 6366
5924 6636
6396 6879
5964 6374
6454 6973
5927 6332
6205 7021
6623 7150
6253 6889
6151 6502
6039 6504
6073 6870
5459 6172
6047 6557
5980 6578
6232 6892
5689 6476
6055 6691
5640 6155
6267 7024
6292 7038
5965 6427
5757 6680
6011 6183
6483 6892
5908 6579
5992 6349
5717 6526
6606 7046
6090 7005
5870 6519
6122 6651
6024 6698
6727 7333
5754 6356
6139 6654
5988 6373
6083 6804
6327 6727
6510 6879
6075 6634
6062 6721
6129 6703
6842 7264
6469 7013
5636 6366
6243 6837
6391 6745
6226 6757
5598 6304
5756 6305
5991 6416
5965 6498
6041 6567
5676 6273
6725 7394
6306 7000
6317 7054
6154 6641
6497 7013
6577 7227
5672 6210
6228 6749
6386 6936
5987 6403
6689 7337
6106 6281
6250 6821
6297 6870
6215 6813
6854 7315
5928 6847
5818 6513
5395 6124
6551 7301
5954 6825
6049 6718
5793 6464
6304 6982
5356 6169
5977 6915
6212 6930
6131 6579
5550 6225
5812 6278
6184 7040
6459 7031
6043 6785
5738 6327
6160 6771
5701 6465
5698 6439
6106 6634
6451 6914
6774 7197
6274 6780
6335 6943
6247 7033
6168 6835
6201 6670
5857 6516
5652 6364
6132 6696
5899 6313
5968 6689
6176 6713
6664 7269
6417 6914
5940 6412
5776 6387
5990 6828
6153 6891
6289 6638
5970 6699
5563 6169
5954 6394
6469 6717
5758 6377
5819 6409
5945 6697
6740 7234
5696 6659
6066 6839
5769 6072
6240 6853
5966 6669
5731 6472
5879 6497
5944 6788
5916 6708
6043 6752
5492 6001
6690 7269
5804 6379
6396 6819
6148 6582
6537 7177
5633 6487
5727 6405
5861 6344
6320 6972
6203 6839
6335 7059
5950 6667
6025 6579
6267 6701
6703 6981
5743 6380
6427 7145
5599 6392
6240 6685
6043 6645
5527 6228
6743 7268
6048 6397
6265 6766
6598 7090
6146 6812
6427 7095
5334 6160
5889 6367
6722 7159
5787 6265
6680 7000
6169 7049
6206 6561
6144 6718
6451 7287
6368 7038
5806 6046
5420 6134
6027 6337
6054 7009
6293 6775
6398 7049
6520 7156
6148 6885
6258 6611
5786 6346
6308 6800
6527 7167
6244 6936
6181 6794
5613 6170
7191 7624
6304 6745
6149 6600
6163 6938
6347 7188
5925 6712
6216 6753
5681 6624
6138 6826
6150 6588
5825 6617
5605 6182
6402 6808
5807 6440
5994 6598
6066 6749
5809 6594
5879 6572
6155 6906
6128 6671
6370 7061
6353 6882
5846 6441
5862 6472
6167 6803
6554 7351
5991 6612
6058 6377
5898 6530
5680 6174
5787 6546
6415 7067
5581 6276
6998 7518
5542 6329
6016 6653
5938 6593
6180 6933
5940 6692
5412 6037
6004 6508
5931 6518
5854 6495
5516 5802
6335 7028
5884 6511
5844 6514
6356 6892
5869 6397
6031 6599
6443 6953
6069 6906
5706 6184
5949 6576
5644 5962
5737 6342
5662 6268
6310 6902
6285 6875
6188 6839
6162 6917
5895 6586
6248 6996
6358 7014
6177 6841
5971 6489
6101 6623
6385 6921
6420 6994
5715 6535
5775 6623
6266 6825
6088 6604
6640 7342
5746 6368
6120 6613
6333 6920
6134 6564
5818 6308
6237 6681
6460 7171
6523 7200
5818 6456
6082 6579
5771 6417
6033 6603
6040 6808
6010 7046
5756 6129
6447 6910
5608 6180
5791 6564
5402 6024
6213 6782
6133 6702
6288 6684
6244 6665
6215 6687
6593 7067
5493 5998
6333 6891
6032 6923
6653 7399
6263 6923
6778 7435
6253 6836
5833 6363
6582 7203
6616 7142
5748 6601
6258 6895
5721 6292
5903 6431
5838 6269
5250 5892
5607 6412
6307 6985
6472 7204
6136 6494
5174 6100
6280 6747
5897 6548
6267 6801
5950 6661
5490 5981
6080 6997
6269 6868
6754 7149
6406 6940
6049 6712
5209 5878
5975 6505
6034 6663
5311 6069
6232 6833
6607 7036
6185 6697
6002 6602
6113 6749
6056 6763
6420 7036
5976 6859
6532 7133
6006 6412
5928 6337
5953 6754
6192 6795
5876 6850
6189 6669
6604 7021
6131 6947
5950 6796
6219 6733
6015 6664
5549 6337
6279 6970
6032 6749
6198 6757
6624 7133
7030 7447
5791 6187
5628 6385
5763 6335
5740 6203
5626 6416
5692 6588
5947 6692
5820 6576
6222 6766
6193 6646
5459 5981
5848 6483
5849 6843
6424 6808
6142 6778
6444 7037
6078 6769
6654 7209
6079 6733
5153 5923
6447 6942
5965 6570
6629 7323
6120 6661
5194 5922
6272 6971
5902 6527
6724 7180
5856 6139
6690 7153
5754 6659
6302 6860
6415 6963
6326 6721
6642 7025
6097 6524
5907 6702
5743 6519
5801 6531
5865 6574
5910 6472
6288 6722
6180 6919
5993 6753
6224 6527
5930 6659
5945 6514
6030 7020
6251 6690
5933 6581
5961 6670
5837 6181
6277 6815
6492 7217
6252 6623
6130 6564
5698 6309
6169 6297
5726 6478
6393 6811
5777 6389
6401 7128
6008 6319
5576 6216
6508 7218
6088 6641
5846 6454
6112 6775
6240 6604
5852 6300
5918 6672
6124 6604
6407 6834
5889 6325
6335 6721
5950 6826
6576 7216
5745 6341
5960 6242
5720 5942
5780 6519
6175 6806
6235 6836
6184 6927
5879 6611
5766 6379
6315 7018
6520 7320
6825 7196
5165 5936
6274 6855
6447 6830
6323 6398
5936 6370
6165 6911
6612 7056
5916 6356
5711 6260
5682 6463
6174 6755
5927 6443
6194 6732
5979 6594
5449 6024
6034 6684
5985 6750
5929 6443
5961 6839
6156 6904
6589 7148
6292 6729
5521 6331
5674 6264
5453 6254
6381 6932
6467 6975
6056 6793
6062 6620
6041 6847
6089 7027
6305 6652
5758 6397
5846 6561
6113 6765
5607 6436
5919 6680
5874 6564
6007 6553
6304 6993
6267 6686
6597 6900
6838 7252
6721 7002
6276 6972
5464 6494
5852 6487
6053 6645
6361 6909
6183 6846
5327 5888
6209 6809
6257 6636
6241 7147
6422 7012
5859 6606
6101 6589
5848 6706
6088 6732
6190 6884
5880 6864
6036 6619
6390 7263
6260 6844
6490 7155
6481 7222
6285 6765
5804 6579
5269 6041
5988 6798
6066 6872
6658 7414
6058 6757
6010 6500
5874 6743
6105 6636
6018 6582
5522 6182
6286 6966
5810 6226
5694 6561
6019 6732
5607 6232
6076 6661
6376 7072
6274 6779
5527 6090
6261 6692
6164 7044
6234 6908
6342 6943
5513 6073
6087 6898
6808 7494
5999 6807
5478 6434
6028 6453
6468 6777
5733 6357
5733 6238
5780 6256
6424 6634
6265 6919
5372 6059
6245 6821
5876 6719
6247 6570
5683 6524
6738 7026
5897 6598
6344 6758
5929 6458
6727 7257
5988 6709
6276 6606
6093 6734
6020 6682
6047 6632
6083 6820
5922 6527
6514 7410
6340 6713
5900 6357
6555 6816
5979 6633
5938 6409
5919 6667
6019 6611
5893 6610
5500 6029
5341 6145
6255 6749
5704 6292
5889 6464
5835 6509
6247 6782
6133 6612
6150 6573
5633 6245
6895 7331
6159 6785
5980 6647
6531 7143
6442 7139
6833 7449
6064 6816
6282 6875
6038 6535
5427 6173
5492 6000
6006 6232
6493 7082
5945 6446
6646 7010
5869 6379
5700 6344
5472 6256
5945 6826
6009 6593
6242 6901
6335 6791
5755 6420
6617 7494
6106 6794
5848 6563
6346 6948
6740 7260
6640 7241
6222 6886
6231 6955
5771 6362
6762 7188
6326 6969
5554 6140
6199 7198
6057 7028
6424 6983
5444 6068
6324 6972
6330 6961
6324 6972
5951 6524
6376 7088
6618 6981
6523 7184
6079 6729
6385 7198
6043 6768
6793 7444
5626 6521
5579 5998
5783 6479
5898 6590
6224 6607
6254 6718
5856 6623
6192 6655
6217 6648
6386 6748
6074 6723
5802 6409
5773 6603
6214 6775
6294 6858
6383 6989
6413 6884
6045 6742
6512 6993
5883 6446
6312 6973
6260 6543
5915 6621
6708 7296
5776 6046
5616 6270
5912 6432
6129 6686
6206 6797
6439 7155
5697 6706
5891 6697
5934 6770
5563 6198
6160 6656
6440 6801
5778 6336
6188 6576
6655 7020
5915 6544
6036 6636
5727 6405
5525 6338
6137 6648
5883 6719
5748 6463
5962 6542
6130 6679
6010 6539
6305 6944
5768 6225
5782 6437
5877 6545
6360 7215
5745 6416
6298 7236
6291 6832
6119 7103
5822 6734
6401 7021
6037 6781
6008 6430
5898 6726
5944 6546
6069 6921
6053 6513
5882 6532
5650 6451
6118 6540
5888 6595
6433 6928
6528 7382
5520 6192
5930 6678
6266 6864
6731 7291
6340 6928
6237 6907
6099 6592
5905 6636
6008 6786
6310 7077
5611 6302
6604 7317
6232 7151
6103 6622
5769 6253
5995 6814
5887 6554
5656 6416
6133 6605
5737 6247
5905 6176
6034 6852
6182 6781
6034 6723
6181 6732
5955 6525
5661 6298
6347 6824
6110 6712
5902 6144
5391 6290
6181 6689
6196 6959
5623 6292
6106 6675
6079 6734
6331 6994
5547 6278
5739 6426
6537 6906
5956 6596
5925 6539
6065 6437
5576 6034
5946 6848
6280 6676
6379 6477
6253 7013
6183 6536
5931 6691
5896 6449
5702 6134
6572 7194
6502 6838
6627 7214
6298 6881
6204 6824
5995 6630
6351 6818
5771 6431
6021 6678
6164 6790
6078 6667
5475 5841
6424 7201
5688 6411
5796 6521
6241 6753
6336 7127
6306 6664
6418 7102
6636 7162
6316 6910
6002 6632
6471 6896
6395 7364
6492 6965
6502 6903
6310 6864
6302 6577
5864 6609
5851 6175
5709 6146
6482 6997
6193 6786
5600 6391
5691 6379
6143 6724
6054 6696
5488 6095
6451 6818
6212 6737
6222 6641
6270 6681
6086 6450
6234 6782
5671 6111
6482 7239
6395 6889
5830 6536
6538 7075
6346 7068
6047 6804
6074 6258
6132 6808
5893 6673
5911 6371
5690 6463
6514 7098
6209 6625
6097 6719
6107 6943
6517 6829
5767 6151
5965 6599
5563 6015
6057 6806
5820 6476
6107 6753
5867 6535
5607 6080
6515 6860
5866 6686
6346 6827
6115 6598
5687 6464
5411 6063
5808 6434
6169 6516
5921 6401
6116 6908
6021 6444
5695 6466
6788 7446
6064 6611
6106 6471
5557 5926
6312 6906
5869 6442
5937 6559
5775 6563
5847 6119
6109 6944
5289 6093
5685 6382
6422 6860
6134 6645
6081 6637
5854 6360
6167 6745
5902 6693
6068 6632
5362 5991
6154 6650
6355 7243
5781 6407
5965 6700
6167 6738
5996 6468
5880 6389
5947 6465
6703 7188
5997 6667
6032 6798
6017 6819
5893 6569
6140 6795
5483 6410
5967 6523
5882 6504
6518 6984
5814 6638
6255 6954
6260 7022
5780 6455
5923 6742
6203 6845
6048 6589
6118 6881
5600 6316
5794 6447
6032 6639
6227 6806
6020 6612
6351 6621
5952 6601
6016 6832
5871 6500
6060 6833
6275 7026
6020 6624
5820 6602
6514 7050
6328 7183
5582 6197
5930 6453
5611 6226
5887 6773
5880 6852
5925 6629
6237 7043
6301 6864
6186 6736
6477 6861
5780 6028
6769 7322
6470 7208
6046 6584
6415 6832
6695 7281
6420 6967
6200 7097
6269 6910
6460 6880
6361 6937
5589 6101
6388 7143
6226 7010
5716 6395
6294 7156
6489 7173
6382 6895
5408 6000
5878 6438
5798 6440
6130 6852
6341 6951
6595 7292
6457 6880
6028 6753
5480 6145
6437 6638
5797 6330
5842 6593
6339 6900
6286 6887
6608 7334
6325 6848
6013 6361
6684 7097
5975 6425
6284 6866
6508 6975
5841 6276
5484 6342
6149 6948
6241 6942
6543 7263
6112 6431
5969 6630
6121 6678
5934 6641
6236 6781
5028 5751
6274 6915
5867 6225
5515 6162
5862 6440
6516 7028
6472 6908
6357 7171
6195 6826
5838 6300
6433 7043
6374 6999
6141 6623
6755 7517
5522 6281
5520 5997
6019 6703
6240 7178
5889 6870
6393 6944
5938 6474
6384 7052
6161 6794
5561 6049
6928 7124
5908 6390
5872 6453
6165 6861
6195 6616
5780 6387
5367 6126
6174 6800
5950 6392
6779 7499
5952 6628
6063 6745
5859 6650
6313 6767
6257 6900
5930 6660
5709 6288
6893 7597
5925 6539
6073 6522
6250 7014
5946 6519
5981 6854
6281 6877
6375 6994
5704 6426
5745 6448
5985 6437
6222 6740
6017 6672
6412 6948
6095 6551
6246 7011
6471 7039
5805 6282
6462 6905
6710 7168
6372 6951
6408 7071
6641 7112
5386 6166
6215 6783
5854 6579
6339 6883
5971 6402
5985 6765
6399 7058
5878 6400
5270 6174
6027 6772
6268 6783
5882 6682
5698 6220
5888 6670
5773 6470
5553 6217
5840 6581
6232 6626
6100 6716
5968 6759
6407 7073
5971 6370
5423 6012
6154 6775
6323 6935
6306 7179
6082 6647
6286 6920
6258 6832
5876 6604
6219 7156
6130 6668
6080 6571
6594 7308
6008 6506
5815 6436
5769 6156
6001 6396
5613 6091
5878 6425
5813 6561
5722 6257
6296 7159
6407 6705
6163 6442
6399 7362
6451 6885
6503 7211
6243 6918
6214 6677
6072 6299
6037 6712
6182 7004
5983 6602
5855 6403
6572 7002
6188 6641
5737 6300
5884 6414
5837 6497
5270 6105
6129 6659
5905 6649
5851 6589
6196 6837
6156 6719
6257 6354
5887 6605
6209 6732
5792 6462
6341 7170
6177 6898
6354 7021
5911 6549
5968 6835
6381 7187
5858 6642
5716 6288
6054 6551
6155 6770
6674 7528
6603 7051
6982 7611
6459 6799
5836 6221
6111 6759
6250 6864
6768 7003
6281 6720
6094 6653
5811 6330
6456 7253
5926 6626
5429 6146
6323 6976
6302 6848
6454 7128
5855 6714
5632 6394
5891 6250
6132 6721
5962 6482
5815 6442
5998 6516
6515 7227
6269 6702
6164 6588
5939 6449
6462 6995
6362 6987
5593 6167
5888 6739
6214 6879
6297 6830
6349 7137
6542 7024
6439 7247
6041 6414
6280 6819
6227 6623
6724 7424
5385 6222
6059 6728
6167 6722
5718 6388
6148 6731
6673 7068
5768 6102
6127 6765
6453 6917
5919 6562
5970 6711
5457 6265
5685 6392
6009 6804
5927 6768
6136 6804
6568 7157
5896 6672
6459 7114
6734 7353
5858 6362
5590 6246
6112 6591
7074 7663
6354 7026
6058 6826
5943 6665
5688 6219
6424 7192
5759 6644
6220 7076
5862 6533
5967 6548
6136 6762
5724 6315
6589 7034
5986 6602
6374 7067
5914 6659
6143 6630
5900 6749
5973 6432
5995 6608
6273 7000
6315 6999
6054 6898
6088 6720
5507 6104
6266 6853
6299 6732
5772 6553
6037 6509
5826 6788
6566 7209
6033 6644
6199 6652
5879 6375
5974 6623
6099 6807
6021 6817
5748 6297
5587 6320
6344 6646
5638 6294
6555 7284
6043 6522
5867 6419
6009 6640
6505 7061
6360 6862
5868 6427
6128 6756
6305 6796
6532 7144
7027 7578
6090 6608
5903 6451
5526 6223
5879 6589
5633 6398
6246 6821
6093 7024
5368 5912
5876 6509
6041 6752
5824 6461
5968 6526
6323 7083
6021 6670
5312 6232
6515 7263
6329 6907
6499 6923
6408 6760
5865 6720
5945 6533
6446 6897
6010 6897
6056 6787
6121 6823
5671 6224
6322 7293
5858 6487
6053 6585
6189 6737
6167 6796
5824 6442
5858 6557
5823 6359
6034 6779
6366 6912
6126 6564
5843 6497
6322 6979
6012 6653
7113 7283
6206 6964
5510 6182
5257 5735
5828 6470
5923 6518
5605 6564
5826 6327
5943 6383
5887 7037
6607 7193
6565 7232
6079 6656
6126 6776
5504 6446
6757 7139
5742 6393
6243 6650
6576 7174
6313 6665
5737 6325
6096 6580
6041 6599
5854 6354
6157 6785
6120 6569
5428 6016
6058 6649
6490 6889
6030 6742
5945 6690
6110 6706
5365 5923
5351 6081
6144 6780
6061 6615
5959 6600
6571 6820
6184 6633
5990 6546
6004 6341
5989 6614
6034 6357
6474 7003
5445 5937
6032 6618
6467 7137
6191 6917
5628 6276
5575 6086
6443 6905
6739 7224
6544 6852
6292 6451
6145 6787
6396 7071
5434 6252
6089 6780
5401 6090
6199 6617
6070 6764
6140 6677
5760 6680
6103 6762
6044 6470
5796 6547
5788 6220
6084 6718
5810 6513
6110 7050
5850 6497
5972 6543
6462 6985
5696 6410
6065 6542
5811 6489
6136 6732
6438 7076
6701 7169
5936 6726
6244 6536
6546 7075
6367 7052
6193 6692
5921 6532
6258 6839
5760 6648
6487 7156
6093 6793
5751 6508
6245 6654
6006 6496
6107 6702
6119 6822
5826 6704
5583 6426
6299 7054
6586 7013
6416 6790
6428 6903
5864 6673
6382 6948
6283 7134
5670 6284
6282 6955
5893 6580
5493 6200
5824 6359
5534 6431
6106 6660
6231 6739
6194 6883
6428 6984
6565 7252
6535 6870
6365 6830
5747 6065
6514 7171
5444 5975
5899 6664
6615 7306
6471 6867
6192 6688
6126 6719
5996 6570
5742 6233
6015 6762
5940 6387
5928 6806
6497 7165
5965 6852
6135 6782
6202 6659
5631 6342
6251 6588
6163 6798
6563 6966
6206 6878
6306 6900
5935 6447
6063 6642
6347 6781
6715 7219
5956 6556
6001 6646
6162 6760
6354 7292
6264 6715
6105 6642
6797 7373
5914 6463
6066 6879
6210 6462
5834 6402
6442 7049
6045 6525
6882 7051
6499 7057
6361 7125
6086 6704
6190 6857
5582 6206
6017 6537
6593 7253
6162 6757
5569 6067
6229 6779
5796 6230
6099 6774
6020 6670
5797 6475
6088 6781
5919 6669
6070 6814
6571 7114
5923 6675
6082 6517
6353 7071
6215 7161
5861 6706
6412 7002
6008 6879
5946 6727
6526 6925
6005 6677
5930 6688
5950 6904
5541 6322
5987 6850
5740 6166
6163 6805
5986 6622
6427 7112
5831 6188
5879 6732
5794 6253
6012 6404
5847 6620
6060 6689
6210 6907
5986 6800
6876 7486
5854 6329
6534 6902
6134 6796
5761 6660
6355 6923
5584 6495
5635 6370
6342 6635
6284 6837
6242 6958
6325 6712
6041 6631
6284 6758
5903 6387
6066 6780
6398 7058
5993 6714
6367 7072
6595 6912
5940 6459
5587 6354
6404 6978
6449 7132
6601 6954
5708 6252
6191 6976
6067 6526
6446 7116
5915 6682
5970 6864
5910 6657
6105 6264
5976 6728
5333 6096
5465 6334
6105 6808
5976 6389
5947 6628
6403 6966
6941 7563
6117 6961
5801 6675
6050 6541
6518 6919
6328 6922
6537 7249
6162 6838
5486 6068
6397 6872
6013 6648
6037 6742
6178 6901
6506 6906
6290 6738
6364 6692
5726 6513
6006 6713
6316 6827
6007 6783
5996 6485
5867 6438
5952 6296
6023 6783
5789 6609
5915 6691
6306 6723
5791 6621
6232 6725
5724 6391
5739 6616
6064 6488
6386 7236
6048 6712
5654 6497
6381 6804
6543 7416
6457 6882
6444 7016
6064 6621
6459 6848
5769 6552
6066 6834
5583 6385
5985 6435
6361 6720
6507 7022
6316 6747
6158 7006
6153 6619
6446 6914
5867 6559
6219 6817
6264 6839
6492 6926
6726 7231
5733 6535
6074 6598
6165 6798
6067 6610
5914 6512
6074 6443
6763 7204
6499 7089
6102 6565
6023 6905
6172 6516
6470 7338
6513 7081
5752 6410
5833 6559
5982 6555
5488 6366
6059 6614
6021 6531
5479 6248
5834 6466
6649 7251
5980 6583
6485 7218
5899 6617
6247 7067
6340 6912
5835 6463
5826 6489
5695 6446
6300 7183
5982 6700
6002 6635
5690 6150
5950 6634
6431 6929
5919 6278
6389 6979
6171 6260
5158 5751
5847 6632
6590 7078
6489 6966
6399 6982
6310 7168
6474 6871
5668 6503
5738 6305
5981 6590
5824 6539
6039 6689
6007 6593
6672 7401
5907 6536
5536 6355
6122 6916
5958 6345
6151 6619
6343 6863
5917 6489
6195 6547
5691 6374
6336 6831
5864 6536
6654 7167
6347 6832
6198 6828
5862 6636
5905 6296
6292 7148
5947 6185
6352 7036
6374 6990
6327 7268
6036 6996
5949 6593
6183 6841
5489 6067
5748 6499
6125 6838
6144 6644
5307 6131
5689 6294
6295 6922
5737 6437
6338 6769
6878 7491
6501 6910
6549 7276
6895 7242
6649 7052
5988 6665
5855 6661
6829 7379
5825 6571
6094 6615
6111 6681
6235 6579
6331 6959
6205 6567
6081 6481
6049 6552
6130 6484
6727 7171
6004 6660
6158 6790
6810 7288
5763 6602
6367 6903
5915 6471
6578 6995
5993 6624
6013 6632
6055 6454
6250 6953
6264 7055
6037 6918
6016 6625
6076 6498
5995 6780
6144 6856
5947 6648
6161 6594
5787 6194
5825 6380
5824 6412
5735 6409
6500 6917
5818 6593
5755 6412
6322 6901
5801 6542
5667 6431
6684 7214
6555 6968
5992 6518
5737 6318
6492 7219
5467 6324
6326 7059
6170 6872
5819 6449
6368 6892
6225 7026
6394 6986
5673 6352
6342 7074
5705 6339
6808 7568
6252 6597
5495 6463
6096 6474
5802 6511
6680 7061
6031 6388
6115 6906
6349 7106
5409 6194
6009 6475
6179 6880
6005 6532
6177 6800
5991 6918
5995 6613
6666 7479
6361 6690
6182 6692
5959 6967
6249 6907
6225 6942
6312 7022
6329 6679
5853 6383
6150 6807
5847 6594
6607 6755
6031 6699
5901 6532
6260 6860
6250 6633
6001 6466
6348 6815
6164 6628
6313 6786
6000 6786
6241 6806
6141 6666
6751 7152
5845 6211
5683 6417
6338 6800
5950 6565
6023 6551
5635 6145
5713 6200
6282 6853
6074 6860
6357 7142
5740 6074
6531 7190
6100 6725
6878 7458
5987 6534
5946 6442
5906 6464
6195 6800
5953 6515
5854 6293
5847 6365
5583 6550
5919 6481
5837 6396
6250 6839
6120 6879
6244 7064
5663 6406
5559 6278
6235 6609
5906 6697
6403 6997
5790 6361
6607 7311
6511 6953
5872 6612
5748 6319
6074 6994
5853 6555
6447 6591
6129 6620
5498 6134
6729 7137
6340 6965
6076 6928
6309 7103
6292 6766
6667 7042
6166 6874
6245 6826
6626 7161
5701 6439
6660 6892
6538 6992
6032 6585
6237 6972
5506 5994
5722 6490
6566 7225
6192 7162
5707 6393
6096 6860
6301 6671
6436 6901
6332 7059
5531 6357
6060 6779
5984 6765
6272 6903
5816 6321
5994 6842
6486 7034
6207 6728
5810 6486
6159 6509
6139 6911
5988 6513
5909 6388
6031 6443
5928 6360
6152 6736
6334 6809
6054 6432
6487 6881
6327 6932
6210 6973
6371 6888
5836 6350
5834 6571
5661 6298
5638 6266
5944 6557
5721 6230
6272 6711
5360 5799
6179 6656
5945 6577
6169 6927
6027 6409
6730 7202
6291 6823
5931 6600
6175 6651
5544 6072
5743 6591
6035 6471
5871 6500
5883 6725
5863 6697
6397 7047
5867 6430
5959 6627
6328 7070
6044 6486
6159 6916
5867 6417
6467 7088
6236 6967
5657 6259
6183 6644
6102 6468
6035 6525
5949 6515
5814 6630
6032 6759
6053 6369
5800 6323
6222 6671
5746 6593
5638 6641
6152 7036
6631 7483
6760 7212
6136 6925
5993 6904
6301 6668
5999 6565
5972 6544
6291 6667
6478 6982
5656 6154
5663 6317
6178 6437
6096 6747
6217 6707
6515 7051
6189 7016
5735 6119
5349 5797
6464 6964
6230 6931
5890 6384
6687 7110
6621 7160
5905 6603
6018 6700
6340 6984
6226 6938
6245 6559
5945 6293
5836 6327
6446 6904
5937 6541
5961 6558
5805 6231
5858 6498
6116 6701
5921 6575
5914 6775
6210 6809
6482 6907
6994 7330
6276 7053
6031 6702
5999 6597
6045 6312
5557 6310
6348 7210
5399 6223
5950 6611
5829 6600
6058 6440
6031 6643
6024 6680
6230 7075
6275 6894
5916 6552
5802 6554
5340 6229
5656 6095
6071 6365
6011 6668
6031 6829
6366 7216
5965 6437
6514 7167
5991 6338
6022 6816
5723 6766
5947 6545
6014 6569
6358 7015
5865 6582
6551 7051
5997 6938
6110 6668
6147 6703
6131 6288
6173 6956
6052 6802
6309 6801
6497 6922
6046 6644
6433 7065
6122 6541
6156 6551
5732 6047
6231 6654
5892 6595
6130 6699
6092 6639
5752 6415
6292 6791
6315 7016
6329 6961
5807 6289
5876 6512
5536 6303
6453 6707
6364 7095
6282 6784
5957 6625
5709 6280
6659 7367
6101 6821
5985 6532
5818 6138
6293 6963
6320 6972
6252 6811
5640 6409
5822 6455
6028 6362
5857 6367
5469 6403
6268 7166
5595 6331
6137 6806
6264 6769
5627 6464
6148 6891
5858 6453
6014 6674
6097 6728
5933 6676
6447 7162
5951 6585
6355 7050
5869 6413
5903 6436
5838 6584
6229 6660
5740 6582
6199 6865
5830 6418
6196 6759
5747 6362
6306 6752
6028 6366
6320 6859
6209 6955
6437 7057
5531 6074
6370 6928
6124 6754
6157 6715
5940 6485
6160 6529
6340 6905
5638 6294
6512 7131
6048 6677
6252 7040
5813 6285
6499 7230
6003 6437
6445 6955
5886 6988
5930 6690
5868 6498
6259 6539
6030 6769
5974 6642
6386 6808
6124 6674
6493 7059
6487 6872
6132 6970
5711 6167
5467 6025
6267 6541
6359 7010
5938 6723
5923 6450
6106 6782
6067 6679
6096 6973
6385 7149
5897 6490
6710 7249
6087 6845
6446 7202
6379 7063
6120 6817
6302 6976
6148 6937
6712 7327
6264 7054
6254 6882
6247 6544
6525 7113
6061 6834
6483 7238
6091 6602
6133 6441
6069 6596
5894 6546
6742 7326
6032 6661
5999 6645
5992 6815
6233 6819
6163 6913
5746 6274
6264 6639
5751 6469
6394 6852
5493 6601
6057 6701
5958 6331
6174 6609
5761 6332
6025 6504
5739 6430
6133 6761
5902 6688
6242 6680
6125 6809
6372 7190
5489 6090
6245 6956
6455 6919
6279 6854
5533 6334
5542 6223
6106 6657
6124 6884
6050 6775
5515 6043
6054 6383
6379 7336
6019 6582
5837 6494
5985 6578
6184 6866
5977 6872
5996 6692
6448 7193
6394 6932
6335 6753
6385 6920
6223 6767
5495 5926
5758 6941
6149 6882
6562 7083
5906 6389
5918 6680
6672 7166
6362 6988
6347 7226
5444 6096
6578 6716
5932 6662
6058 6491
6118 6840
6508 6863
6088 6728
6604 7254
5930 6283
6352 6964
5583 6378
5596 6318
6204 6988
6269 6854
6147 6802
6251 6829
6794 7328
6758 7415
6399 6898
5972 6861
6465 7141
6492 7400
5993 6626
6344 6922
6137 6604
6060 6844
5842 6764
6264 6997
6500 7327
5746 6456
6071 7040
6078 6698
6163 6607
6134 6491
6269 6790
6580 7030
6300 7107
5517 5956
6265 6812
6314 6739
5634 6553
6084 6709
5755 6470
6487 6950
5873 6366
6718 6883
5706 6295
6131 6555
5920 6649
6374 7041
5902 6697
6357 7133
6348 6945
5962 6409
6020 6555
5993 6830
6303 7160
6083 6843
6499 7204
5750 6375
6081 6742
5777 6624
5992 6595
5999 6604
6402 7024
5907 6458
6075 6886
6146 6623
6184 6676
6092 6630
5926 6671
5774 6407
5409 6298
6540 7044
6112 6824
6051 6714
6443 6666
5792 6641
6136 6466
6268 6734
5307 6068
6245 6941
6294 6704
6417 7120
6142 6608
6125 6995
5805 6645
6176 6907
6191 6998
6688 7098
5896 6320
6208 7008
6018 6649
6070 6748
5889 6717
6069 6589
6003 6567
6739 7220
6197 6994
6971 7425
6196 6841
5672 6320
6239 6583
5403 6215
6005 6716
5692 6294
5944 6664
6226 6625
6729 7279
6520 6907
5780 6376
5913 6712
5225 5840
6276 6812
5980 6455
6227 6936
6201 6563
6018 6601
6134 6626
5639 6430
6469 6859
6187 6929
5612 6436
5725 6340
5975 6438
5446 6260
6206 6640
6011 6546
6114 6414
6181 6885
5777 6579
6258 6602
5672 6243
5926 6576
5839 6409
6675 7332
5924 6615
6238 6888
5759 6691
6343 7082
6188 6520
6189 6592
5472 5886
6136 6690
5782 6506
5823 6359
5479 6327
6433 6955
5942 6452
6304 6931
5879 6831
5745 6593
6286 6682
5777 6504
6302 7037
5503 6136
5852 6783
6060 7030
6652 7022
6365 7000
6078 6578
5818 6364
6156 6676
6517 6825
6522 7006
5969 6458
7277 7626
6495 6993
6031 6648
6229 6813
5819 6194
6379 7047
6385 6953
6234 6708
6511 6858
6410 7000
5812 6732
6211 6844
5842 6669
5955 6392
6096 6802
5990 6556
5859 6555
6418 6821
6247 6881
5153 5851
6208 6555
5854 6344
6474 6795
5399 6116
5979 6510
6373 7269
5985 7013
6575 7230
6466 7134
5744 6384
6091 6720
6002 6650
6309 7090
6253 6872
6167 6969
6163 6821
5850 6593
6143 6670
5865 6469
6046 6470
5896 6462
6768 7176
6331 6946
5745 6309
6203 6609
6763 7668
6009 6669
5988 6782
5909 6553
5941 6607
6660 7269
6632 7397
5876 6242
6377 6903
6202 6829
6213 6755
6180 6678
6498 7512
6710 7063
6202 6526
5436 6136
6642 7190
5974 6679
6623 7006
6058 6376
5724 6290
7035 7394
6032 6729
6034 6572
5282 6340
6770 7441
5837 6696
5995 6647
5950 6539
5852 6389
5946 6344
5749 6516
6445 6966
6240 6861
6105 6589
5536 5903
6520 7171
5978 6404
6336 7122
6270 6679
6549 6974
6170 6916
5769 6165
6355 7139
6360 6841
6104 7105
5708 6411
6371 6972
5878 6478
6291 6948
5979 6689
5980 6752
6245 6897
6379 6838
6130 6854
6266 7100
6236 7010
5798 6324
6567 7190
5374 6409
6626 6978
5954 6576
5884 6114
5700 6295
6162 6945
6315 7195
5993 6485
5873 6198
6075 6902
5686 6273
6279 6903
5886 6527
6423 7038
6511 6980
6051 6846
5736 6108
6189 6916
6032 6302
6166 6641
6206 6894
5611 6231
6262 6778
6350 6956
5513 6174
5612 6484
5954 6599
6027 6766
5781 6425
5953 6572
6278 6645
6222 7026
5900 6512
6358 7061
6199 6588
6469 6891
6621 7032
6055 6579
5915 6408
5905 6315
6296 6906
6240 6850
6242 6858
5278 5874
6420 6970
6060 6809
6290 7127
6354 7026
6505 7411
6670 7135
6014 6727
6249 7019
4989 5476
6249 6860
6331 7037
6572 7380
6490 6817
6410 6943
5902 6478
6028 6607
5664 6288
6110 6974
6179 6692
5912 6542
6017 6668
5411 6099
5919 6558
6458 7011
6114 6586
6183 6459
5776 6296
6413 7058
5915 6229
6058 6686
6575 6982
5541 6203
5813 6467
6324 7125
6040 6627
5566 6231
6130 6443
5795 6336
6296 6740
6428 6975
5651 6313
5881 6522
5842 6680
6130 7000
5934 6440
5360 5989
5502 6358
5649 6406
6395 7136
5800 6762
6301 7026
5896 6344
6375 6876
6347 6598
6664 7172
6036 6679
6060 6662
6020 6683
6053 6769
5820 6480
6165 6742
6342 6791
5857 6529
5975 6395
6124 6478
5895 6768
6239 6954
6292 6953
5954 6526
5778 6449
6371 6936
5949 6510
6234 6893
6163 6775
6040 6721
6472 7266
6056 6527
6102 6519
5823 6324
6366 7228
5912 6782
6042 6823
6187 6666
6320 6642
6203 6886
6124 6708
6238 6603
5813 6356
5346 5858
6158 6841
6396 6891
6047 6677
6139 6617
6216 6564
5848 6086
6113 6841
5744 6447
6282 6802
5912 6459
6109 6680
6034 6415
5596 6175
6203 6712
6068 6798
5997 6765
5948 6589
6203 7001
6193 6844
5535 6173
5726 6383
6508 6968
6190 6625
6161 6939
6664 7362
6107 6540
6107 6282
5678 6473
6309 7053
6588 7336
5711 6434
6561 7149
5773 6479
6107 6775
5646 6267
6568 7386
6048 6667
6424 6873
6252 6895
6174 6937
5989 6604
5497 6204
6230 6665
6065 6930
6231 6766
5618 6075
5140 6103
6072 6572
6608 7033
6247 6636
6345 6696
6200 6449
5936 6680
5653 6161
6130 6670
6643 7351
6299 6706
6279 7097
6214 6763
5653 6304
6640 7179
5570 6158
6274 6725
5970 6488
5957 6569
6023 6829
6359 6997
5560 6138
5890 6446
6483 7030
6402 6978
6643 7224
5940 6798
6338 6727
6341 6971
5485 6265
6139 6688
6089 6609
6426 6879
6812 7163
5928 6588
5961 6632
5997 6826
6315 6854
7089 7602
6415 7067
5827 6227
5975 6468
5829 6596
5353 5893
5954 6729
6163 6754
6505 6588
6184 6744
6099 6800
5972 6554
5992 6830
5926 6702
6677 7109
6163 6671
6238 6821
6727 7349
6428 6850
5827 6384
6122 7071
5971 6660
5566 6182
6087 6710
6367 7110
5970 6554
6192 6875
6387 7221
5879 6282
6533 7099
5947 6794
6200 6871
5905 6649
5747 6388
5918 6320
6066 6806
6292 6876
6282 7022
5867 6375
6645 7208
6197 6701
6406 6729
5730 6514
5909 6577
6734 7261
5993 6481
6385 7014
6251 6944
6495 7429
6661 7165
6129 6795
6466 6871
6897 7396
5560 6242
6487 6784
6315 6913
6145 6546
6653 7179
5647 6329
6946 7598
5971 6549
6968 7788
5567 6645
6466 7066
6278 6987
6515 7093
6321 6826
6162 6503
6017 6825
6021 6385
5948 6543
6334 6643
6409 6764
5754 6301
6189 6663
5953 6506
5920 6619
5379 6052
5919 6446
5668 6223
6825 7267
5863 6483
6034 6802
6074 6683
5497 6072
6217 6795
6100 6569
5986 6691
6505 6915
6087 6915
6219 6919
6244 7002
6303 6956
5657 6234
6139 6767
6580 6908
6233 6934
6463 6818
6004 6338
5875 6520
5752 6239
5612 6558
5675 6286
5796 6706
5730 6264
6056 6917
5983 6575
5844 6386
5437 6129
5847 6725
5213 6030
5650 6173
6244 7022
5747 6334
6006 6676
6108 6408
6208 6725
5955 6212
6266 7030
5929 6815
6164 6803
5458 6171
6086 6934
5963 6435
6534 6947
6123 6716
6464 6977
5769 6405
6533 7040
6042 6832
6304 6537
6807 7601
5773 6446
5804 6593
6530 6906
6523 7048
5856 6383
6309 7001
5804 6436
6531 7052
6674 6923
6074 6908
6573 7009
6277 6968
5676 6155
5714 6383
6385 6852
6177 6529
6480 6951
5849 6632
5889 6296
6474 7082
6029 6657
5631 6361
5175 6127
5896 6450
6327 6867
6330 6970
6067 6556
6102 6892
5876 6276
6281 6785
5791 6406
6221 6729
5601 6396
6029 6852
5567 6664
6439 7297
6302 7031
6538 7122
6411 6973
5595 6382
6765 7114
6113 6905
5698 6322
6436 6728
5992 6765
6318 6777
5552 6371
6151 6617
5972 6566
6201 6578
5907 6514
5709 6480
6001 6271
5926 6512
6624 7421
6075 6505
6297 6569
6290 6564
5639 6587
5948 6283
5596 6304
6078 6770
6415 6868
5824 6212
6541 7156
6196 6971
5957 6611
6365 6980
5966 6531
6046 6693
5866 6611
5771 6419
6318 7098
5474 6333
6057 6656
6224 6557
6149 6717
5799 6540
6421 7028
6034 6491
6306 6868
5974 6757
5835 6606
6644 7065
6936 7209
6113 6663
6026 6813
5472 6290
5615 6112
5551 6233
6409 6884
6152 6908
6389 6897
5760 6270
5507 6314
6055 6624
6255 6913
5546 6387
6459 7146
6393 6897
5798 6162
6468 7067
6080 6702
6275 6924
5678 6424
6323 6589
5631 6464
6370 6608
5972 6480
6001 6406
6019 6419
5434 6023
5865 6585
5844 6767
6210 6735
6697 7342
5910 6634
5935 6552
5528 6147
6275 6871
6050 6560
6338 7170
5851 6478
6230 6879
6156 6890
6227 6905
5957 6723
6310 7053
6014 6608
6018 6389
5835 6575
6380 6957
6507 6918
6109 6875
6265 6938
6898 7575
5770 6659
6302 6477
6030 6734
5790 6257
5892 6446
5309 5963
5733 6569
5966 6386
5887 6504
5802 6540
6199 6896
6320 6909
6227 6930
6399 7193
5781 6398
5318 6248
6552 7455
6183 6661
6497 7157
5785 6096
5729 6140
6467 6818
5764 6275
5599 6062
6251 6799
6377 7129
6321 7068
6104 6756
6667 7085
6690 7226
6590 7167
6111 6710
6548 7135
6443 7023
6411 7162
5962 6671
6009 6646
6088 6767
6543 7208
5994 6549
6337 7178
5905 6732
5920 6595
6330 6757
6014 6686
6053 6634
6373 7060
5845 6558
5750 6298
6110 6553
6020 6829
5697 6292
5935 6495
6119 6642
6309 6939
5982 6877
5808 6624
6355 6881
6456 6955
6041 6538
6171 6948
5436 5933
6185 6630
5897 6813
6762 7592
6291 6818
6487 7048
6251 6360
6074 6705
5937 6506
6124 6961
5711 6565
5901 6555
6766 7150
6120 6579
6193 6753
6237 6956
5979 6677
5800 6427
5683 6353
5828 6514
5971 6481
6808 7444
5966 6595
5680 6140
5744 6436
5778 6658
5562 6248
5921 6314
5853 6479
6469 7189
6124 6306
6419 7205
6233 6613
6310 6772
5963 6621
5991 6663
6509 7031
6710 7161
6032 6659
5771 6372
6745 7182
6296 6856
6662 7058
5980 6872
5839 6123
5935 6353
6672 7466
5740 6844
5787 6576
5850 6420
6226 6747
6116 6679
6237 6864
6304 6725
6142 6666
6279 6897
6619 7385
5981 6384
5914 6672
5682 6325
6204 6849
6097 6648
6548 7016
5777 6300
5857 6738
6163 6633
6383 6831
5968 6796
5777 6416
5942 6407
5971 6625
6485 6963
6618 7380
6299 6948
6441 6974
6548 7034
6260 6907
6290 6744
6290 6778
5845 6364
5459 6265
5704 6039
5558 5928
5919 6592
6434 7111
5996 6520
6101 7048
6352 6738
5952 6382
6294 6742
6458 6883
6227 6890
6539 7155
6824 7259
5887 6369
6053 6414
5950 6447
6131 6596
6271 6697
5493 6269
6400 6999
5636 6070
6435 7024
5532 6292
5960 6741
6269 6835
6076 6442
6351 6863
5305 6441
5827 6338
5998 6671
6381 6800
6186 6691
6244 7004
6405 6890
6313 6805
5695 6423
6672 7229
6061 6564
5963 6771
5605 6281
5655 6399
6558 7138
6372 6860
5892 6785
6048 6352
6127 6678
5824 6425
5619 6313
6645 7371
6206 6955
5765 6621
5980 6658
6271 6840
5728 6365
6316 6829
6371 7017
5955 6615
5821 6587
6646 6999
6382 7048
5602 6484
6014 6613
6309 7097
6173 6780
6088 6669
5485 6127
6663 7285
5645 6284
6240 6598
6450 7113
5922 6781
6165 6729
5840 6408
6360 6752
6141 6557
6186 6564
6291 6827
5899 6550
5861 6531
6107 6711
6169 6691
6506 6983
6575 7125
6441 7162
6019 6721
5971 6645
6554 6916
6676 7245
6147 6671
6212 6709
5516 6547
6038 6756
6052 6690
6409 6945
6074 6941
5418 5911
6371 7178
5818 6498
6150 6604
6052 6816
6411 6879
5874 6556
5549 6447
6337 7248
6089 6693
6210 6886
6284 6641
6257 6839
6394 6684
5960 6776
5791 6480
6992 7206
6016 6540
6935 7305
5630 6317
6685 7298
5922 6302
5950 6665
5791 6185
6166 6710
6226 6861
6152 6993
6406 6966
6044 6614
6162 6773
6552 7016
6207 6971
6264 6770
6038 6622
6281 6737
6464 7250
6098 6895
6076 6340
5929 6474
6738 7451
5774 6298
6283 6909
5844 6275
6157 6979
5796 6593
6563 6922
5954 6690
5983 6376
5726 6422
5981 6647
6453 7351
6356 7028
5948 6635
6025 6540
6534 6962
5776 6463
6264 6799
5950 6479
5713 6233
6197 6489
6481 7033
5775 6337
6240 6667
6185 6815
5842 6524
5833 6564
6319 6985
6416 6866
6438 7034
6293 6904
6319 6984
6808 7494
5928 6566
6321 6902
6409 6999
6484 6844
6414 6956
6314 6914
5893 6519
6093 6865
5930 6577
6492 7161
6165 6921
5724 6402
6164 6571
6342 6682
6185 6668
6421 6834
6405 7091
5890 6377
5560 6237
5993 6820
6712 7331
5825 6366
5830 6581
5698 6501
6410 7197
6029 6836
6686 6972
5739 6618
6404 6746
5834 6346
5903 6489
6561 6862
6511 7059
5666 6282
6286 6846
5733 6255
7026 7600
6296 6701
6278 6929
6416 6850
6158 6686
6231 6731
6230 6674
6299 6743
6014 6657
6104 6673
6052 6860
6066 6613
5742 6546
5849 6497
6345 6868
6197 6748
5901 6833
6093 6823
6395 7017
5898 6611
5940 6638
5933 6532
6212 6741
5735 6586
5646 6346
6345 6945
5998 6629
5893 6557
5693 6497
5881 6721
6074 6720
5907 6312
5824 6520
6230 6978
6465 7082
6329 6703
5980 6417
6197 6695
6378 6993
6209 6950
5919 6737
5960 6659
6159 6857
5765 6189
5904 6638
5716 6273
5576 6107
6565 7348
5726 6448
6529 6999
5628 6289
6210 6318
6566 7154
6435 7124
5938 6249
6068 6731
6654 7191
6014 6705
6452 6836
6149 7161
5743 6294
5686 6734
6160 6991
6688 7420
5943 6585
6287 6920
5862 6536
6191 6732
6334 6955
5992 6283
5978 6552
5905 6632
5921 6663
5974 6559
6018 6507
5630 5986
6349 6831
6066 6609
6283 6777
6359 7041
5991 6639
6022 6627
6335 6926
6410 7049
5857 6389
6034 6597
6558 6958
5648 6376
6256 6646
6149 6972
5851 6358
5999 6656
6178 6796
5758 6630
6144 6785
5762 6659
5575 6322
6341 6660
6345 6853
6363 6866
5918 6653
5998 6430
6147 6790
5858 6550
6160 6919
5958 6588
5609 6506
6041 6444
5910 6499
5999 6657
5984 6281
6405 6948
5991 6414
5527 6296
5935 6679
6063 6805
5940 6581
6444 6936
5626 6228
6145 6661
6643 6818
6448 6838
5631 6032
5949 6362
5673 6513
6639 7264
5571 6323
5745 6416
5931 6471
5938 6442
6744 6895
6644 7063
6582 7106
5378 6079
6376 6748
5948 6582
6005 6442
6357 6959
5882 6696
5726 6292
6492 7252
6178 6739
6128 6696
5797 6600
6190 6574
5564 6216
6416 7082
6420 6993
6551 7146
5903 6561
5845 6433
6311 6583
6114 6750
5734 6256
5912 6610
6559 7292
6042 6667
5764 6292
5855 6773
6213 6862
5641 6493
5982 6409
6263 6657
5726 6194
5842 6573
5849 6860
6025 6825
6473 7065
6405 6903
6429 6923
6228 6469
5558 6013
5450 6219
5816 6337
6781 7334
6073 6949
6155 6615
6059 6545
5789 6526
5783 6456
5895 6561
6459 6895
5778 6185
5960 6783
5765 6553
6043 6804
6101 6716
6204 6743
6059 6828
6189 6920
6230 6443
5626 6573
6123 6893
6188 6563
6712 7329
6885 7487
5768 6538
6123 6911
5957 6484
6430 6980
6564 7000
5567 6141
6136 6909
6625 7300
5640 6349
5846 6584
5977 6562
5876 6756
6398 6938
5727 6663
6096 6947
5978 6502
5978 6664
5913 6230
6416 7157
5835 6257
6182 6781
5833 6259
5870 6477
5794 6438
6326 6645
5869 6855
6360 7069
6251 6759
6023 6546
6545 6984
6145 6803
5803 6343
5699 6038
5626 6238
6276 6637
5418 6278
6207 7103
6239 7166
5811 6659
5914 6548
6324 6850
6128 6790
6194 6915
6072 6736
6089 6868
6960 7716
6106 6854
6733 7292
5902 6605
6115 6709
5936 6684
5831 6726
5605 6298
5156 5873
6424 6937
6401 7037
6318 7081
5727 6415
5684 6007
5931 6748
5728 6444
6158 6960
5605 6190
5871 6430
6235 6728
6320 6835
6066 6837
6262 6969
6557 7355
6085 6556
6162 6645
6244 6896
5887 6534
6069 6424
5608 6396
5743 6168
6071 6766
5649 6004
6256 7114
6165 6613
6497 6925
6201 6966
6154 6764
5753 6253
5802 6552
5850 6482
5880 6393
5787 6337
5821 6483
5549 6338
5831 6399
6233 6878
5815 6219
5898 6529
6124 6990
5837 6380
5754 6512
6417 6827
6032 6721
6352 7173
6284 6843
6342 7104
6027 6641
6521 7104
6186 6645
5722 6478
6076 6758
6257 7041
5818 6620
5326 5710
6090 6729
6024 6445
6042 6649
5817 6703
5915 6515
5922 6389
5789 6525
5760 6548
5923 6479
6412 6999
6252 6827
6064 6611
5590 6203
6559 7270
6260 6909
6389 6969
5766 6479
5695 6160
6491 6890
6226 6576
5936 6423
5936 6311
6432 7197
5913 6465
6043 6652
6240 6445
6555 7140
6060 6506
6006 6664
6258 6869
6505 7135
6453 7196
5964 6734
6039 6821
6443 7196
6216 6894
5784 6538
6413 6800
6553 7011
6083 6659
5854 6663
6336 6988
6659 7320
6425 6883
5863 6505
6334 6568
6271 6940
6051 6434
6136 6598
5989 6655
6499 7154
6129 6779
6970 7325
5996 6409
6257 6837
6267 6661
5986 6571
6290 6924
6460 7109
6429 6964
5802 6579
5800 6281
6310 6875
6132 6712
5845 6593
6105 6432
6029 6840
6111 6854
5913 6584
5352 6218
5814 6504
6450 7054
6757 7370
5723 6496
6706 7482
6316 7071
6129 6643
5906 6343
5542 6108
6496 7177
5948 6047
6055 6870
5950 6475
6281 6849
6129 6670
6195 6929
6439 7065
6455 6795
6001 6420
6174 6866
6325 6969
5905 6499
6017 6779
6117 6753
6606 7091
5729 6217
5340 6053
6457 6766
6079 6699
5863 6568
5657 6476
5693 6243
6373 6931
6789 7241
6024 6820
6289 6998
6029 6710
6411 7008
5795 6203
6405 7081
6158 6964
6179 6926
5843 6718
6565 7059
6368 7073
6541 7205
6223 6821
5802 6586
5116 5715
6502 6916
6454 7142
6436 7337
6104 6691
5738 6336
5741 6506
6358 6895
5815 6720
6414 6566
6043 6739
5875 6240
6024 6492
5348 6248
5489 6331
6771 7145
6039 6514
5744 6292
5735 6496
5888 6819
5961 6678
5767 6471
5804 6362
6231 6763
5892 6283
5989 6751
6414 7034
5365 6114
6430 7157
5996 6734
5803 6274
5962 6668
6201 6897
5734 6593
6144 6578
5595 6213
5729 6403
6623 7139
5724 6576
6201 6573
6183 6452
5738 6464
6541 6955
6702 7145
6266 6891
5864 6645
5997 6749
6207 6705
6023 6590
5585 6247
5842 6381
6230 6866
6519 6959
6320 6977
6094 6725
5990 6857
6585 7020
5568 6317
6340 6947
6119 6713
6303 6735
6722 7095
6164 6810
6089 6692
6264 6764
6039 6637
5581 6192
6398 6840
5990 6625
6155 6766
5755 6580
5965 6530
6526 7016
6527 6991
6374 6956
6184 6837
6612 7177
6072 6671
6296 7032
6294 6811
6347 6991
6206 6790
6116 6766
5371 6063
6101 6801
6316 6942
6244 6876
5411 6104
5950 6693
6405 6969
5949 6502
6064 6654
5578 6057
6062 6680
6310 7025
6111 6547
5996 6606
5986 6597
6422 6621
6614 7181
5789 6400
6516 7053
6142 6777
5586 6029
5985 6780
6270 6721
6495 6829
6403 6910
6223 6862
6135 6860
6012 6754
6468 7088
5988 6380
5736 6200
6480 6822
6143 6471
6208 6701
5793 6617
6444 7123
6040 6632
6188 6711
6096 6696
6497 6764
6666 7302
6103 6955
5867 6472
6814 7301
5505 6190
6297 7097
6211 7018
5582 6126
6162 6655
5998 6851
6197 6807
6243 7138
6012 6719
5438 6216
5893 6247
5980 6558
5394 6131
6163 6527
6808 7405
6762 7288
6165 6773
5830 6534
6011 6549
6283 6918
6219 6565
5799 6567
6248 6584
5654 6561
6636 6951
5755 6299
6312 6885
5987 6373
6519 7190
6412 7113
5369 6035
6057 6637
5694 6458
5893 6562
6070 6552
6083 6631
5949 6694
6116 6847
5510 6197
5361 6187
5939 6383
5869 6380
6036 6438
6807 7338
5704 6337
6753 7151
5954 6445
6118 6728
6281 6725
5741 6130
6087 6592
6794 7270
5782 6394
6324 6840
5826 6257
6023 6463
5973 6427
6302 6710
6525 7054
5905 6601
6344 6891
5955 6710
5922 6477
5954 6673
6430 6883
6082 6667
6072 6638
6035 6774
6228 6957
6152 6860
6403 6787
5560 6176
6361 7144
6060 6812
6121 6594
6614 7117
6388 7004
5404 5919
6025 6544
5453 5914
5994 6628
6284 7022
5975 6638
5806 6762
5921 6704
6490 6988
5778 6597
5852 6707
5863 6597
5811 6411
7021 7516
6331 6840
6217 6857
6802 7161
6081 6786
5792 6298
6205 6677
5688 6461
6388 6969
6487 7101
5624 6241
5840 6474
6747 7297
6350 7189
5578 5974
5706 6342
5910 6612
5721 6343
6041 6721
5932 6317
6213 6900
5742 6336
6337 7143
6261 6895
5791 6653
5861 6372
6069 6421
6461 6679
6504 7245
6364 6830
6106 6780
5990 6339
5947 6622
6494 6834
5475 6461
5813 6480
6228 7018
5982 6360
5952 6348
6076 6669
6542 7142
5381 5874
5866 6232
5844 6380
5679 6250
6409 6847
6314 6720
6656 7253
5950 6610
5924 6881
5794 6405
6239 6628
5868 6409
6464 7203
6387 7124
5975 6650
6143 7065
5878 6559
5939 6602
5842 6624
5942 6722
6074 6796
6196 6734
6195 6809
5699 6605
6141 6811
6195 7196
6434 7049
6274 6636
6710 7195
6016 6542
6385 6995
6467 7082
5956 6534
6418 7237
6089 6769
6350 7085
6201 6576
6820 7314
6104 6586
6381 6890
5907 6507
6116 6837
5742 6606
5817 6714
5443 6117
5775 6710
6244 6786
6291 7027
6166 6666
5620 6244
5834 6478
5434 6255
6103 6556
5877 6631
5893 6574
5942 6613
5513 6221
6127 7188
6680 7214
5695 6160
6056 6616
5759 6511
6061 6650
6219 6681
6023 6494
6164 6508
6630 7447
6158 7028
6231 6722
5831 6563
5811 6396
6527 7006
5674 6364
5711 6474
6605 7085
6055 6620
6189 6531
5945 6690
6314 7092
6007 6653
5790 6067
6581 7037
6614 6883
6597 7282
5599 6395
6312 6884
5649 6569
5854 6238
6317 6714
6476 7101
5971 6679
6353 6809
6221 7172
5822 6370
6019 6482
6363 6816
6392 7128
5914 6354
5815 6168
6128 6837
5643 6275
5620 6402
6272 6927
6085 6648
5987 6831
6034 6373
6177 6838
5805 6406
5877 6795
6485 7039
5898 6597
6153 6951
6151 6830
6082 6608
6145 6766
6122 6844
6208 6691
6659 7012
6113 6431
5863 6705
6151 6713
5934 6518
5758 6159
5879 6533
6321 6672
5521 6529
6732 7337
6753 7114
6639 7363
5820 6409
5804 6591
6841 7242
6307 6808
5952 6565
5824 6461
6528 7410
6099 6932
5665 6364
6304 6866
6400 7113
6580 7105
6304 6518
6233 6895
6224 7078
5636 6357
5935 6750
6129 6688
6110 6560
6209 6988
5804 6479
5880 6344
5931 6658
5765 6313
6003 6191
6184 6596
6359 6865
6321 6935
5824 6364
5630 6132
6478 7064
5871 6497
6108 6719
5906 6537
5973 6549
5545 6172
6532 7495
6318 7036
6184 6985
6599 7072
6008 6791
6177 6659
6508 6702
6251 6911
5981 7012
6195 6914
5550 6164
5776 6556
6040 6588
6318 6630
6404 6966
5596 6411
5758 6258
6734 7143
5903 6367
6128 6575
6491 7276
5444 6122
6124 6606
5844 6618
6228 6751
6416 6963
6260 6795
6239 7168
6488 7086
6203 6944
5901 6588
6650 6963
5729 6624
6089 6631
5999 6645
6530 7235
6410 7002
6484 7205
6342 6663
6118 6712
5664 6350
6781 7239
6028 6630
6244 6898
6064 6709
6609 6863
6093 6649
6357 6904
5859 6338
6297 6692
5876 6485
5852 6567
6177 6690
5711 6191
6307 7009
6084 6725
6128 6674
5777 6776
6420 6837
6017 6537
6319 6809
6204 6858
5983 6262
6360 6893
5743 6433
6442 7019
5993 6379
6459 7020
6073 6775
5946 6530
6111 6653
5423 6214
6427 6952
5813 6613
6317 7027
5911 6602
5885 6730
6155 6679
5833 6612
5835 6437
6661 7183
5599 6180
6669 7233
6406 6887
6183 6787
6199 6519
6270 6891
6287 7030
6425 6894
6707 7288
6186 6522
6317 7004
6069 6825
6129 6797
5738 6739
5647 6115
6016 6867
6121 6696
6386 7105
5776 6653
6108 6453
5688 6368
6191 6853
5925 6631
5794 6426
6243 6850
6378 6925
7245 7615
6326 6831
6593 7166
6527 7257
6033 6802
6207 6951
5924 6475
6293 6898
6031 6757
5857 6887
6072 6535
5406 6142
5997 6450
6140 6863
5755 6386
6264 6984
6086 6611
6472 7117
6743 7358
6382 6793
6201 6743
6052 6553
6138 6871
6136 6698
6171 6880
6558 7016
5572 5915
6106 6638
5360 6074
5887 6736
6537 7023
6047 6749
6690 7475
6395 7088
6012 6551
5961 6457
5764 6543
5707 6452
6644 7031
5560 6331
6010 6488
6285 6772
6710 7293
6279 7070
6417 7058
6300 6755
6514 7168
5904 6671
6277 6912
5922 6487
5882 6409
5886 6629
5974 6909
5768 6230
6125 6739
6237 6946
6199 6549
5984 6724
5656 6219
6843 7601
6680 7273
5788 6465
5883 6400
6096 6538
6235 6818
6153 6642
6264 6841
5891 6466
6279 7129
5992 6469
5964 6510
6155 6780
5885 6456
6103 6548
6053 6975
6229 6419
6288 7050
6275 6750
5393 6332
6233 6923
6316 6740
5827 6643
5960 6563
6275 7042
6369 7103
6716 7223
6223 6842
5629 6130
6434 6826
6354 6804
6545 7323
5808 6375
6041 6643
6224 6744
6113 6747
6395 7101
6541 6956
5910 6486
6392 7253
6044 6781
5599 6419
6642 7175
6510 7064
6412 7140
5827 6703
6328 6821
6025 6659
6594 6984
6713 7171
6819 7166
5764 6085
5861 6437
6707 7404
6075 6570
6054 6848
6382 7064
6534 7061
6356 7026
6070 6811
5275 6153
5825 6414
6013 6650
6265 6764
6229 6788
5832 6528
6193 6943
6430 6945
6320 7021
6441 6969
6190 6730
5982 6536
6355 6830
5789 6378
5649 6449
6355 7068
6023 6518
6168 6555
5882 6564
6252 6853
6243 6939
5808 6458
6293 6659
5579 6199
6629 7149
6358 6754
6152 6666
6171 6990
5746 6502
5971 6500
6456 6920
5812 6381
6512 6861
6275 6900
6399 6853
6270 6592
6411 6700
5709 6209
6159 6876
6862 7292
6209 7117
6109 6638
5955 6491
5999 6753
