5789 7879
5938 8370
5463 7938
5471 7654
5598 7742
5392 7783
5198 7321
5229 7622
5134 7770
5094 7300
5576 7439
5498 7859
5346 7663
5565 8012
5350 7537
5140 7652
5344 7775
5562 8020
5758 8230
5425 7765
5462 8154
5404 8143
4951 7615
5080 7515
4991 7336
4910 7559
5278 7667
5001 7350
5194 7598
5090 7666
5278 7570
5487 8003
5450 7655
5146 7737
5164 7874
5243 7756
5672 8288
5434 8080
5293 7968
4930 7527
5283 7713
5091 7613
5177 7851
5337 8118
5085 7572
5259 7783
5202 7701
5226 7437
5566 8189
5246 7606
