2651 3486
2756 3681
2763 3419
2381 3136
2271 2936
2449 3189
2092 2938
2749 3398
2509 3172
2149 2767
3344 4216
2783 3687
2400 3325
2227 3176
3265 3928
2867 3549
3141 3811
2403 2931
2168 2722
1971 2504
2702 3451
2427 3188
1691 2566
2022 2922
2819 3944
3053 4084
3657 4042
3147 3904
2682 3688
2528 3405
2359 3431
2407 3169
2287 3066
1968 2721
1994 2839
1730 2516
2115 3055
1891 2647
2410 3173
2444 3315
2599 3513
2153 2999
2206 2845
3043 3966
3134 3997
2657 3576
2195 2948
1826 2476
2633 3464
2384 3194
